"","LSOA Code","LSOA Name (Eng).x","Local Authority Name (Eng).x","WIMD 2019","WIMD 2014 (r)","WIMD 2011 rank","from14to19","from11to14","from11to19"
"1","W01000001","Aberffraw & Rhosneigr 1","Isle of Anglesey",885,861,731,24,130,154
"2","W01000002","Aberffraw & Rhosneigr 2","Isle of Anglesey",1324,1153,852,171,301,472
"3","W01000003","Amlwch Port","Isle of Anglesey",550,500,527,50,-27,23
"4","W01000004","Amlwch Rural","Isle of Anglesey",1100,1126,768,-26,358,332
"5","W01000005","Beaumaris","Isle of Anglesey",1065,1231,1032,-166,199,33
"6","W01000006","Bodffordd","Isle of Anglesey",1116,933,917,183,16,199
"7","W01000007","Bodorgan","Isle of Anglesey",1036,972,870,64,102,166
"8","W01000008","Braint","Isle of Anglesey",1820,1781,1811,39,-30,9
"9","W01000009","Bryngwran","Isle of Anglesey",819,742,486,77,256,333
"10","W01000010","Brynteg","Isle of Anglesey",1624,1485,1500,139,-15,124
"11","W01000011","Cadnant (Isle of Anglesey)","Isle of Anglesey",1377,1634,1602,-257,32,-225
"12","W01000012","Cefni","Isle of Anglesey",1494,1409,1649,85,-240,-155
"13","W01000013","Cwm Cadnant","Isle of Anglesey",1777,1673,1651,104,22,126
"14","W01000014","Cyngar","Isle of Anglesey",1194,1031,1115,163,-84,79
"15","W01000015","Gwyngyll","Isle of Anglesey",1704,1733,1758,-29,-25,-54
"16","W01000016","Holyhead Town","Isle of Anglesey",168,209,246,-41,-37,-78
"17","W01000017","Kingsland","Isle of Anglesey",486,326,377,160,-51,109
"18","W01000018","Llanbadrig","Isle of Anglesey",1145,980,890,165,90,255
"19","W01000019","Llanbedrgoch","Isle of Anglesey",1233,1335,1318,-102,17,-85
"20","W01000020","Llanddyfnan","Isle of Anglesey",1424,1375,1335,49,40,89
"21","W01000021","Llaneilian","Isle of Anglesey",1044,969,826,75,143,218
"22","W01000022","Llanfaethlu","Isle of Anglesey",857,721,953,136,-232,-96
"23","W01000023","Llanfair-yn-Neubwll 1","Isle of Anglesey",985,873,878,112,-5,107
"24","W01000024","Llanfair-yn-Neubwll 2","Isle of Anglesey",1050,915,1058,135,-143,-8
"25","W01000025","Llanfihangel Ysgeifiog","Isle of Anglesey",1300,1115,1121,185,-6,179
"26","W01000026","Llangoed","Isle of Anglesey",946,943,986,3,-43,-40
"27","W01000027","Llanidan","Isle of Anglesey",954,1017,736,-63,281,218
"28","W01000028","Llannerch-y-medd","Isle of Anglesey",727,640,644,87,-4,83
"29","W01000029","London Road","Isle of Anglesey",366,238,341,128,-103,25
"30","W01000030","Maeshyfryd","Isle of Anglesey",353,376,320,-23,56,33
"31","W01000031","Mechell","Isle of Anglesey",864,852,773,12,79,91
"32","W01000032","Moelfre","Isle of Anglesey",1053,941,932,112,9,121
"33","W01000033","Morawelon","Isle of Anglesey",224,168,146,56,22,78
"34","W01000034","Parc a'r Mynydd","Isle of Anglesey",1196,1213,1066,-17,147,130
"35","W01000035","Pentraeth","Isle of Anglesey",1087,1057,977,30,80,110
"36","W01000036","Porthyfelin 1","Isle of Anglesey",316,268,198,48,70,118
"37","W01000037","Porthyfelin 2","Isle of Anglesey",974,1018,649,-44,369,325
"38","W01000038","Rhosyr","Isle of Anglesey",764,664,699,100,-35,65
"39","W01000039","Trearddur 1","Isle of Anglesey",1409,1312,1225,97,87,184
"40","W01000040","Trearddur 2","Isle of Anglesey",1325,1246,1271,79,-25,54
"41","W01000041","Tudur","Isle of Anglesey",308,262,202,46,60,106
"42","W01000042","Tysilio","Isle of Anglesey",1442,1574,1453,-132,121,-11
"43","W01000043","Valley 1","Isle of Anglesey",915,954,679,-39,275,236
"44","W01000044","Valley 2","Isle of Anglesey",1716,1739,1590,-23,149,126
"45","W01000047","Abererch","Gwynedd",1234,1145,1189,89,-44,45
"46","W01000048","Abermaw 1","Gwynedd",907,811,956,96,-145,-49
"47","W01000049","Abermaw 2","Gwynedd",1037,1161,811,-124,350,226
"48","W01000050","Arllechwedd","Gwynedd",855,1045,1162,-190,-117,-307
"49","W01000051","Bala","Gwynedd",1167,1151,1270,16,-119,-103
"50","W01000052","Bethel & Cwm-y-Glo 1","Gwynedd",1606,1573,1638,33,-65,-32
"51","W01000053","Bethel & Cwm-y-Glo 2","Gwynedd",1320,1444,1454,-124,-10,-134
"52","W01000054","Bontnewydd","Gwynedd",1394,1489,1471,-95,18,-77
"53","W01000056","Bowydd and Rhiw","Gwynedd",558,635,616,-77,19,-58
"54","W01000057","Brithdir and Llanfachreth/Ganllwyd/Llanelltyd","Gwynedd",889,1209,1403,-320,-194,-514
"55","W01000059","Cadnant (Gwynedd)","Gwynedd",357,386,445,-29,-59,-88
"56","W01000060","Corris/Mawddwy","Gwynedd",768,934,1050,-166,-116,-282
"57","W01000061","Criccieth","Gwynedd",1615,1685,1587,-70,98,28
"58","W01000062","Deiniol","Gwynedd",875,1023,1116,-148,-93,-241
"59","W01000063","Deiniolen","Gwynedd",663,671,754,-8,-83,-91
"60","W01000064","Dewi","Gwynedd",1016,1093,1071,-77,22,-55
"61","W01000065","Diffwys and Maenofferen","Gwynedd",679,755,575,-76,180,104
"62","W01000066","Dolbenmaen","Gwynedd",904,910,958,-6,-48,-54
"63","W01000067","Dolgellau North","Gwynedd",1222,1242,1126,-20,116,96
"64","W01000068","Dolgellau South","Gwynedd",1224,1029,1042,195,-13,182
"65","W01000069","Dyffryn Ardudwy","Gwynedd",1339,1180,1274,159,-94,65
"66","W01000070","Efail-newydd/Buan","Gwynedd",1177,1258,1075,-81,183,102
"67","W01000071","Gerlan","Gwynedd",957,892,663,65,229,294
"68","W01000072","Glyder","Gwynedd",1502,1453,1433,49,20,69
"69","W01000073","Groeslon","Gwynedd",1375,1395,1252,-20,143,123
"70","W01000074","Harlech","Gwynedd",1254,1176,1243,78,-67,11
"71","W01000075","Hendre (Gwynedd)","Gwynedd",753,874,720,-121,154,33
"72","W01000076","Hirael & Garth 1","Gwynedd",1132,1450,1483,-318,-33,-351
"73","W01000077","Hirael & Garth 2","Gwynedd",938,1005,998,-67,7,-60
"74","W01000078","Llanaelhaearn","Gwynedd",800,622,693,178,-71,107
"75","W01000079","Llanbedr","Gwynedd",1018,1196,1246,-178,-50,-228
"76","W01000080","Llanbedrog & Abersoch","Gwynedd",1355,1417,995,-62,422,360
"77","W01000081","Llanberis","Gwynedd",1260,1208,1063,52,145,197
"78","W01000082","Llandderfel & Llanuwchllyn 1","Gwynedd",991,1058,1043,-67,15,-52
"79","W01000083","Llandderfel & Llanuwchllyn 2","Gwynedd",1162,1333,1329,-171,4,-167
"80","W01000084","Llanengan","Gwynedd",1378,1392,1067,-14,325,311
"81","W01000085","Llangelynin","Gwynedd",725,679,877,46,-198,-152
"82","W01000086","Llanllyfni & Clynnog","Gwynedd",748,744,728,4,16,20
"83","W01000087","Llanrug","Gwynedd",1634,1555,1578,79,-23,56
"84","W01000088","Llanwnda","Gwynedd",1046,1285,1218,-239,67,-172
"85","W01000089","Llanystumdwy","Gwynedd",1102,1235,1291,-133,-56,-189
"86","W01000090","Marchog 1","Gwynedd",300,157,136,143,21,164
"87","W01000091","Marchog 2","Gwynedd",167,105,143,62,-38,24
"88","W01000092","Menai (Bangor)","Gwynedd",1566,1696,1812,-130,-116,-246
"89","W01000093","Menai (Caernarfon)","Gwynedd",1454,1548,1487,-94,61,-33
"90","W01000094","Morfa Nefyn","Gwynedd",1574,1354,1392,220,-38,182
"91","W01000095","Nefyn","Gwynedd",1481,1389,1201,92,188,280
"92","W01000096","Ogwen 1","Gwynedd",900,835,748,65,87,152
"93","W01000097","Ogwen 2","Gwynedd",901,767,765,134,2,136
"94","W01000098","Peblig (Caernarfon)","Gwynedd",155,103,119,52,-16,36
"95","W01000099","Penisarwaun","Gwynedd",1349,1266,1321,83,-55,28
"96","W01000100","Penrhyndeudraeth 1","Gwynedd",1395,1436,1194,-41,242,201
"97","W01000101","Penrhyndeudraeth 2","Gwynedd",1338,1374,1347,-36,27,-9
"98","W01000102","Pentir 1","Gwynedd",1633,1615,1703,18,-88,-70
"99","W01000103","Pentir 2","Gwynedd",1109,1095,1148,14,-53,-39
"100","W01000104","Penygroes (Gwynedd)","Gwynedd",1090,944,965,146,-21,125
"101","W01000105","Porthmadog East","Gwynedd",1141,926,810,215,116,331
"102","W01000106","Porthmadog West","Gwynedd",1661,1480,1512,181,-32,149
"103","W01000107","Porthmadog - Tremadog","Gwynedd",1082,1033,952,49,81,130
"104","W01000108","Pwllheli North","Gwynedd",1078,987,856,91,131,222
"105","W01000109","Pwllheli South","Gwynedd",1042,841,776,201,65,266
"106","W01000110","Seiont 1","Gwynedd",1204,1116,1249,88,-133,-45
"107","W01000111","Seiont 2","Gwynedd",650,649,738,1,-89,-88
"108","W01000112","Talysarn","Gwynedd",569,596,506,-27,90,63
"109","W01000113","Teigl","Gwynedd",862,890,868,-28,22,-6
"110","W01000114","Trawsfynydd","Gwynedd",1119,1154,1056,-35,98,63
"111","W01000115","Tregarth & Mynydd Llandygai","Gwynedd",1187,1338,1107,-151,231,80
"112","W01000116","Tywyn 1","Gwynedd",1410,1447,1398,-37,49,12
"113","W01000117","Tywyn 2","Gwynedd",747,799,746,-52,53,1
"114","W01000118","Waunfawr","Gwynedd",1006,1188,970,-182,218,36
"115","W01000119","Y Felinheli","Gwynedd",1564,1425,1200,139,225,364
"116","W01000121","Betws-y-Coed","Conwy",1165,1207,1273,-42,-66,-108
"117","W01000122","Betws yn Rhos","Conwy",1126,1215,1202,-89,13,-76
"118","W01000123","Bryn","Conwy",902,966,1011,-64,-45,-109
"119","W01000124","Caerhun","Conwy",1251,1339,1379,-88,-40,-128
"120","W01000125","Capelulo","Conwy",1293,1319,1443,-26,-124,-150
"121","W01000126","Colwyn 1","Conwy",1466,1429,1456,37,-27,10
"122","W01000127","Colwyn 2","Conwy",190,522,409,-332,113,-219
"123","W01000128","Colwyn 3","Conwy",1159,1175,1143,-16,32,16
"124","W01000129","Conwy 1","Conwy",711,732,827,-21,-95,-116
"125","W01000130","Conwy 2","Conwy",1688,1496,1406,192,90,282
"126","W01000131","Conwy 3","Conwy",1632,1292,1136,340,156,496
"127","W01000132","Craig-y-Don 1","Conwy",726,790,581,-64,209,145
"128","W01000133","Craig-y-Don 2","Conwy",1694,1640,1492,54,148,202
"129","W01000134","Crwst","Conwy",1000,897,789,103,108,211
"130","W01000135","Deganwy 1","Conwy",1856,1834,1763,22,71,93
"131","W01000136","Deganwy 2","Conwy",1610,1276,989,334,287,621
"132","W01000137","Eglwysbach","Conwy",1178,1357,1394,-179,-37,-216
"133","W01000138","Eirias 1","Conwy",616,829,855,-213,-26,-239
"134","W01000139","Eirias 2","Conwy",1550,1678,1548,-128,130,2
"135","W01000140","Gele 1","Conwy",647,623,717,24,-94,-70
"136","W01000141","Gele 2","Conwy",1598,1567,1656,31,-89,-58
"137","W01000142","Gele 3","Conwy",1739,1717,1793,22,-76,-54
"138","W01000143","Glyn (Conwy) 1","Conwy",477,531,574,-54,-43,-97
"139","W01000144","Glyn (Conwy) 2","Conwy",20,110,50,-90,60,-30
"140","W01000145","Glyn (Conwy) 3","Conwy",792,752,647,40,105,145
"141","W01000146","Gogarth 1","Conwy",623,712,598,-89,114,25
"142","W01000147","Gogarth 2","Conwy",1107,1167,919,-60,248,188
"143","W01000148","Gower (Conwy)","Conwy",1267,1293,837,-26,456,430
"144","W01000149","Kinmel Bay 1","Conwy",296,277,349,19,-72,-53
"145","W01000150","Kinmel Bay 2","Conwy",781,832,821,-51,11,-40
"146","W01000151","Kinmel Bay 3","Conwy",540,381,371,159,10,169
"147","W01000152","Kinmel Bay 4","Conwy",681,610,579,71,31,102
"148","W01000153","Llanddulas","Conwy",1277,1204,1304,73,-100,-27
"149","W01000154","Llandrillo yn Rhos 1","Conwy",1742,1610,1430,132,180,312
"150","W01000155","Llandrillo yn Rhos 2","Conwy",1596,1482,1250,114,232,346
"151","W01000156","Llandrillo yn Rhos 3","Conwy",1482,1510,1073,-28,437,409
"152","W01000157","Llandrillo yn Rhos 4","Conwy",610,494,470,116,24,140
"153","W01000158","Llandrillo yn Rhos 5","Conwy",1506,1621,1576,-115,45,-70
"154","W01000159","Llangernyw","Conwy",968,1044,1213,-76,-169,-245
"155","W01000162","Llansannan","Conwy",1001,1149,1081,-148,68,-80
"156","W01000163","Llysfaen 1","Conwy",193,172,194,21,-22,-1
"157","W01000164","Llysfaen 2","Conwy",1328,957,1082,371,-125,246
"158","W01000165","Marl 1","Conwy",1830,1832,1756,-2,76,74
"159","W01000166","Marl 2","Conwy",1084,831,801,253,30,283
"160","W01000167","Mochdre","Conwy",615,468,501,147,-33,114
"161","W01000168","Mostyn (Conwy) 1","Conwy",590,528,509,62,19,81
"162","W01000169","Mostyn (Conwy) 2","Conwy",521,489,451,32,38,70
"163","W01000170","Pandy","Conwy",1408,1364,1195,44,169,213
"164","W01000171","Pant-yr-afon/Penmaenan 1","Conwy",969,912,783,57,129,186
"165","W01000172","Pant-yr-afon/Penmaenan 2","Conwy",516,498,355,18,143,161
"166","W01000173","Penrhyn 1","Conwy",1599,1740,1619,-141,121,-20
"167","W01000174","Penrhyn 2","Conwy",1859,1823,1879,36,-56,-20
"168","W01000175","Penrhyn 3","Conwy",1861,1807,1847,54,-40,14
"169","W01000176","Pensarn 1","Conwy",759,624,648,135,-24,111
"170","W01000177","Pensarn 2","Conwy",1197,1355,1238,-158,117,-41
"171","W01000178","Pentre Mawr 1","Conwy",313,362,370,-49,-8,-57
"172","W01000179","Pentre Mawr 2","Conwy",1584,1665,1468,-81,197,116
"173","W01000180","Rhiw 1","Conwy",1769,1751,1639,18,112,130
"174","W01000181","Rhiw 2","Conwy",1841,1817,1706,24,111,135
"175","W01000182","Rhiw 3","Conwy",202,240,221,-38,19,-19
"176","W01000183","Rhiw 4","Conwy",1310,1428,1622,-118,-194,-312
"177","W01000184","Towyn","Conwy",439,267,293,172,-26,146
"178","W01000185","Trefriw","Conwy",1195,1106,1084,89,22,111
"179","W01000186","Tudno 1","Conwy",364,351,423,13,-72,-59
"180","W01000187","Tudno 2","Conwy",78,113,116,-35,-3,-38
"181","W01000188","Tudno 3","Conwy",1457,1464,1268,-7,196,189
"182","W01000189","Uwch Conwy","Conwy",914,1105,1068,-191,37,-154
"183","W01000190","Uwchaled","Conwy",1168,1200,1240,-32,-40,-72
"184","W01000191","Bodelwyddan","Denbighshire",1002,898,933,104,-35,69
"185","W01000192","Corwen 1","Denbighshire",953,1002,1161,-49,-159,-208
"186","W01000193","Corwen 2","Denbighshire",700,846,940,-146,-94,-240
"187","W01000194","Denbigh Central","Denbighshire",602,701,881,-99,-180,-279
"188","W01000195","Denbigh Lower 1","Denbighshire",1870,1780,1832,90,-52,38
"189","W01000196","Denbigh Lower 2","Denbighshire",1730,1718,1767,12,-49,-37
"190","W01000197","Denbigh Lower 3","Denbighshire",1581,1620,1595,-39,25,-14
"191","W01000198","Denbigh Upper/Henllan 1","Denbighshire",170,163,160,7,3,10
"192","W01000199","Denbigh Upper/Henllan 2","Denbighshire",519,720,782,-201,-62,-263
"193","W01000200","Dyserth 1","Denbighshire",1471,1484,1508,-13,-24,-37
"194","W01000201","Dyserth 2","Denbighshire",779,751,834,28,-83,-55
"195","W01000202","Efenechtyd","Denbighshire",1334,1518,1482,-184,36,-148
"196","W01000203","Llanarmon-yn-Ial/Llandegla","Denbighshire",1508,1578,1642,-70,-64,-134
"197","W01000204","Llanbedr Dyffryn Clwyd/Llangynhafal","Denbighshire",1607,1663,1686,-56,-23,-79
"198","W01000205","Llandrillo","Denbighshire",1192,869,1239,323,-370,-47
"199","W01000206","Llandyrnog","Denbighshire",1253,1387,1384,-134,3,-131
"200","W01000207","Llanfair Dyffryn Clwyd/Gwyddelwern","Denbighshire",1155,1511,1435,-356,76,-280
"201","W01000208","Llangollen 1","Denbighshire",625,862,842,-237,20,-217
"202","W01000209","Llangollen 2","Denbighshire",1058,1071,1192,-13,-121,-134
"203","W01000210","Llangollen 3","Denbighshire",1318,1587,1607,-269,-20,-289
"204","W01000211","Llanrhaeadr-yng-Nghinmeirch","Denbighshire",1123,1341,1422,-218,-81,-299
"205","W01000212","Prestatyn Central 1","Denbighshire",1591,1543,1592,48,-49,-1
"206","W01000213","Prestatyn Central 2","Denbighshire",400,288,335,112,-47,65
"207","W01000214","Prestatyn East 1","Denbighshire",389,458,848,-69,-390,-459
"208","W01000215","Prestatyn East 2","Denbighshire",1764,1779,1833,-15,-54,-69
"209","W01000216","Prestatyn East 3","Denbighshire",572,652,1020,-80,-368,-448
"210","W01000217","Prestatyn Meliden","Denbighshire",845,808,766,37,42,79
"211","W01000218","Prestatyn North 1","Denbighshire",592,786,830,-194,-44,-238
"212","W01000219","Prestatyn North 2","Denbighshire",836,959,745,-123,214,91
"213","W01000220","Prestatyn North 3","Denbighshire",780,647,571,133,76,209
"214","W01000221","Prestatyn South West 1","Denbighshire",646,633,695,13,-62,-49
"215","W01000222","Prestatyn South West 2","Denbighshire",1025,1039,925,-14,114,100
"216","W01000223","Rhuddlan 1","Denbighshire",1369,1522,1427,-153,95,-58
"217","W01000224","Rhuddlan 2","Denbighshire",1329,1332,1074,-3,258,255
"218","W01000225","Rhuddlan 3","Denbighshire",1210,1164,1096,46,68,114
"219","W01000226","Rhyl East 1","Denbighshire",351,389,479,-38,-90,-128
"220","W01000227","Rhyl East 2","Denbighshire",973,1234,1040,-261,194,-67
"221","W01000228","Rhyl East 3","Denbighshire",133,99,216,34,-117,-83
"222","W01000229","Rhyl South 1","Denbighshire",587,549,533,38,16,54
"223","W01000230","Rhyl South 2","Denbighshire",1327,1343,1142,-16,201,185
"224","W01000231","Rhyl South East 1","Denbighshire",782,894,752,-112,142,30
"225","W01000232","Rhyl South East 2","Denbighshire",1152,1066,1048,86,18,104
"226","W01000233","Rhyl South East 3","Denbighshire",917,1157,1053,-240,104,-136
"227","W01000234","Rhyl South East 4","Denbighshire",192,182,287,10,-105,-95
"228","W01000235","Rhyl South East 5","Denbighshire",1453,1527,1455,-74,72,-2
"229","W01000236","Rhyl South West 1","Denbighshire",57,100,96,-43,4,-39
"230","W01000237","Rhyl South West 2","Denbighshire",19,20,12,-1,8,7
"231","W01000238","Rhyl South West 3","Denbighshire",651,655,586,-4,69,65
"232","W01000239","Rhyl West 1","Denbighshire",2,11,7,-9,4,-5
"233","W01000240","Rhyl West 2","Denbighshire",1,2,1,-1,1,0
"234","W01000241","Rhyl West 3","Denbighshire",11,19,34,-8,-15,-23
"235","W01000242","Ruthin 1","Denbighshire",1041,1060,1316,-19,-256,-275
"236","W01000243","Ruthin 2","Denbighshire",1447,1593,1669,-146,-76,-222
"237","W01000244","Ruthin 3","Denbighshire",1887,1850,1863,37,-13,24
"238","W01000245","St. Asaph East","Denbighshire",1556,1631,1565,-75,66,-9
"239","W01000246","St. Asaph West","Denbighshire",1020,783,696,237,87,324
"240","W01000247","Trefnant","Denbighshire",1114,1146,1196,-32,-50,-82
"241","W01000248","Tremeirchion","Denbighshire",1243,1340,1231,-97,109,12
"242","W01000249","Argoed (Flintshire) 1","Flintshire",1862,1843,1817,19,26,45
"243","W01000250","Argoed (Flintshire) 2","Flintshire",1738,1847,1741,-109,106,-3
"244","W01000251","Aston 1","Flintshire",1272,1162,1220,110,-58,52
"245","W01000252","Aston 2","Flintshire",1498,1399,1513,99,-114,-15
"246","W01000253","Bagillt East","Flintshire",940,866,832,74,34,108
"247","W01000254","Bagillt West","Flintshire",568,474,449,94,25,119
"248","W01000255","Broughton North East","Flintshire",1478,1329,1421,149,-92,57
"249","W01000256","Broughton South 1","Flintshire",1455,1216,1100,239,116,355
"250","W01000257","Broughton South 2","Flintshire",1831,1735,1677,96,58,154
"251","W01000258","Brynford","Flintshire",1372,1372,1461,0,-89,-89
"252","W01000259","Buckley Bistre East 1","Flintshire",921,734,772,187,-38,149
"253","W01000260","Buckley Bistre East 2","Flintshire",1629,1505,1555,124,-50,74
"254","W01000261","Buckley Bistre West 1","Flintshire",1631,1439,1418,192,21,213
"255","W01000262","Buckley Bistre West 2","Flintshire",627,617,638,10,-21,-11
"256","W01000263","Buckley Bistre West 3","Flintshire",470,451,415,19,36,55
"257","W01000264","Buckley Mountain 1","Flintshire",1693,1566,1540,127,26,153
"258","W01000265","Buckley Mountain 2","Flintshire",1520,1598,1536,-78,62,-16
"259","W01000266","Buckley Pentrobin 1","Flintshire",1582,1314,1460,268,-146,122
"260","W01000267","Buckley Pentrobin 2","Flintshire",1696,1468,1431,228,37,265
"261","W01000268","Buckley Pentrobin 3","Flintshire",1867,1755,1819,112,-64,48
"262","W01000269","Caergwrle","Flintshire",1244,1150,1045,94,105,199
"263","W01000270","Caerwys 1","Flintshire",1559,1568,1608,-9,-40,-49
"264","W01000271","Caerwys 2","Flintshire",1352,1316,1298,36,18,54
"265","W01000272","Cilcain","Flintshire",1557,1512,1568,45,-56,-11
"266","W01000273","Connah's Quay Central 1","Flintshire",672,669,591,3,78,81
"267","W01000274","Connah's Quay Central 2","Flintshire",231,193,260,38,-67,-29
"268","W01000275","Connah's Quay Golftyn 1","Flintshire",1458,1274,1171,184,103,287
"269","W01000276","Connah's Quay Golftyn 2","Flintshire",1573,1474,1288,99,186,285
"270","W01000277","Connah's Quay Golftyn 3","Flintshire",1645,1475,1331,170,144,314
"271","W01000278","Connah's Quay Golftyn 4","Flintshire",225,230,153,-5,77,72
"272","W01000279","Connah's Quay South 1","Flintshire",1468,1411,1470,57,-59,-2
"273","W01000280","Connah's Quay South 2","Flintshire",1588,1410,1360,178,50,228
"274","W01000281","Connah's Quay South 3","Flintshire",1489,1448,1325,41,123,164
"275","W01000282","Connah's Quay South 4","Flintshire",1882,1852,1824,30,28,58
"276","W01000283","Connah's Quay Wepre","Flintshire",1294,938,1157,356,-219,137
"277","W01000284","Ewloe 1","Flintshire",1852,1690,1739,162,-49,113
"278","W01000285","Ewloe 2","Flintshire",1876,1782,1823,94,-41,53
"279","W01000286","Ewloe 3","Flintshire",1846,1677,1730,169,-53,116
"280","W01000287","Ffynnongroyw","Flintshire",409,507,580,-98,-73,-171
"281","W01000288","Flint Castle","Flintshire",320,311,209,9,102,111
"282","W01000289","Flint Coleshill 1","Flintshire",1612,1583,1583,29,0,29
"283","W01000290","Flint Coleshill 2","Flintshire",223,343,421,-120,-78,-198
"284","W01000291","Flint Coleshill 3","Flintshire",1279,1070,1101,209,-31,178
"285","W01000292","Flint Oakenholt 1","Flintshire",469,392,351,77,41,118
"286","W01000293","Flint Oakenholt 2","Flintshire",678,595,697,83,-102,-19
"287","W01000294","Flint Trelawny 1","Flintshire",1685,1390,1371,295,19,314
"288","W01000295","Flint Trelawny 2","Flintshire",1515,1284,1209,231,75,306
"289","W01000296","Greenfield 1","Flintshire",247,239,214,8,25,33
"290","W01000297","Greenfield 2","Flintshire",1208,1078,1290,130,-212,-82
"291","W01000298","Gronant","Flintshire",475,449,636,26,-187,-161
"292","W01000299","Gwernaffield","Flintshire",1619,1625,1672,-6,-47,-53
"293","W01000300","Gwernymynydd","Flintshire",1640,1582,1689,58,-107,-49
"294","W01000301","Halkyn","Flintshire",1179,1471,1502,-292,-31,-323
"295","W01000302","Hawarden","Flintshire",1847,1838,1853,9,-15,-6
"296","W01000303","Higher Kinnerton","Flintshire",1866,1868,1880,-2,-12,-14
"297","W01000304","Holywell Central","Flintshire",152,155,155,-3,0,-3
"298","W01000305","Holywell East","Flintshire",983,964,1207,19,-243,-224
"299","W01000306","Holywell West","Flintshire",675,636,658,39,-22,17
"300","W01000307","Hope 1","Flintshire",1807,1816,1682,-9,134,125
"301","W01000308","Hope 2","Flintshire",1236,1287,1310,-51,-23,-74
"302","W01000309","Leeswood","Flintshire",1181,1064,1035,117,29,146
"303","W01000310","Llanfynydd","Flintshire",1476,1455,1474,21,-19,2
"304","W01000311","Mancot 1","Flintshire",1274,1184,1138,90,46,136
"305","W01000312","Mancot 2","Flintshire",876,650,633,226,17,243
"306","W01000313","Mold Broncoed 1","Flintshire",1211,1067,1125,144,-58,86
"307","W01000314","Mold Broncoed 2","Flintshire",694,470,1046,224,-576,-352
"308","W01000315","Mold East","Flintshire",1149,1014,1158,135,-144,-9
"309","W01000316","Mold South 1","Flintshire",1888,1775,1708,113,67,180
"310","W01000317","Mold South 2","Flintshire",1909,1896,1874,13,22,35
"311","W01000318","Mold West 1","Flintshire",295,231,184,64,47,111
"312","W01000319","Mold West 2","Flintshire",1085,919,806,166,113,279
"313","W01000320","Mostyn (Flintshire)","Flintshire",464,535,514,-71,21,-50
"314","W01000321","New Brighton 1","Flintshire",1880,1871,1803,9,68,77
"315","W01000322","New Brighton 2","Flintshire",1484,1585,1561,-101,24,-77
"316","W01000323","Northop 1","Flintshire",1678,1671,1610,7,61,68
"317","W01000324","Northop 2","Flintshire",1865,1825,1782,40,43,83
"318","W01000325","Northop Hall","Flintshire",1772,1743,1702,29,41,70
"319","W01000326","Penyffordd 1","Flintshire",1763,1758,1718,5,40,45
"320","W01000327","Penyffordd 2","Flintshire",1773,1762,1798,11,-36,-25
"321","W01000328","Queensferry","Flintshire",441,360,498,81,-138,-57
"322","W01000329","Saltney Mold Junction","Flintshire",545,628,680,-83,-52,-135
"323","W01000330","Saltney Stonebridge 1","Flintshire",789,719,547,70,172,242
"324","W01000331","Saltney Stonebridge 2","Flintshire",1287,1237,1281,50,-44,6
"325","W01000332","Sealand 1","Flintshire",575,709,667,-134,42,-92
"326","W01000333","Sealand 2","Flintshire",158,261,330,-103,-69,-172
"327","W01000334","Shotton East","Flintshire",870,702,707,168,-5,163
"328","W01000335","Shotton Higher 1","Flintshire",260,285,297,-25,-12,-37
"329","W01000336","Shotton Higher 2","Flintshire",98,82,83,16,-1,15
"330","W01000337","Shotton West","Flintshire",1022,927,1089,95,-162,-67
"331","W01000338","Trelawnyd and Gwaenysgor","Flintshire",1052,1205,1374,-153,-169,-322
"332","W01000339","Treuddyn","Flintshire",1120,1272,1444,-152,-172,-324
"333","W01000340","Whitford","Flintshire",1617,1557,1524,60,33,93
"334","W01000341","Acton 1","Wrexham",961,1155,964,-194,191,-3
"335","W01000342","Acton 2","Wrexham",542,492,543,50,-51,-1
"336","W01000343","Borras Park 1","Wrexham",1877,1901,1867,-24,34,10
"337","W01000344","Borras Park 2","Wrexham",1776,1810,1724,-34,86,52
"338","W01000345","Bronington 1","Wrexham",1444,1479,1539,-35,-60,-95
"339","W01000346","Bronington 2","Wrexham",1290,1565,1484,-275,81,-194
"340","W01000347","Brymbo 1","Wrexham",1514,1378,969,136,409,545
"341","W01000348","Brymbo 2","Wrexham",529,592,401,-63,191,128
"342","W01000349","Brynyffynnon 1","Wrexham",1073,971,985,102,-14,88
"343","W01000350","Brynyffynnon 2","Wrexham",445,506,755,-61,-249,-310
"344","W01000351","Bryn Cefn","Wrexham",1049,1016,896,33,120,153
"345","W01000352","Cartrefle 1","Wrexham",507,579,502,-72,77,5
"346","W01000353","Cartrefle 2","Wrexham",156,128,123,28,5,33
"347","W01000354","Cefn 1","Wrexham",1153,1192,913,-39,279,240
"348","W01000355","Cefn 2","Wrexham",562,476,429,86,47,133
"349","W01000356","Cefn 3","Wrexham",513,432,426,81,6,87
"350","W01000359","Chirk North 1","Wrexham",1160,1330,1153,-170,177,7
"351","W01000360","Chirk North 2","Wrexham",574,513,569,61,-56,5
"352","W01000361","Chirk South","Wrexham",944,925,1080,19,-155,-136
"353","W01000362","Coedpoeth 1","Wrexham",433,415,431,18,-16,2
"354","W01000363","Coedpoeth 2","Wrexham",1411,1412,1580,-1,-168,-169
"355","W01000364","Coedpoeth 3","Wrexham",1223,1128,1533,95,-405,-310
"356","W01000365","Erddig","Wrexham",1365,1229,1375,136,-146,-10
"357","W01000366","Esclusham 1","Wrexham",977,700,664,277,36,313
"358","W01000367","Esclusham 2","Wrexham",1674,1644,1550,30,94,124
"359","W01000368","Garden Village","Wrexham",1869,1796,1809,73,-13,60
"360","W01000369","Gresford East and West 1","Wrexham",1668,1688,1776,-20,-88,-108
"361","W01000370","Gresford East and West 2","Wrexham",1778,1683,1575,95,108,203
"362","W01000371","Grosvenor 1","Wrexham",980,1056,1313,-76,-257,-333
"363","W01000372","Grosvenor 2","Wrexham",430,461,537,-31,-76,-107
"364","W01000373","Gwenfro","Wrexham",465,357,333,108,24,132
"365","W01000374","Gwersyllt East and South 1","Wrexham",600,699,869,-99,-170,-269
"366","W01000375","Gwersyllt East and South 2","Wrexham",1583,1422,1308,161,114,275
"367","W01000376","Gwersyllt East and South 3","Wrexham",1542,1584,1557,-42,27,-15
"368","W01000377","Gwersyllt North 1","Wrexham",1421,1254,1002,167,252,419
"369","W01000378","Gwersyllt North 2","Wrexham",270,316,360,-46,-44,-90
"370","W01000379","Gwersyllt West 1","Wrexham",332,337,313,-5,24,19
"371","W01000380","Gwersyllt West 2","Wrexham",1217,1197,1275,20,-78,-58
"372","W01000381","Hermitage 1","Wrexham",509,619,897,-110,-278,-388
"373","W01000382","Hermitage 2","Wrexham",333,256,229,77,27,104
"374","W01000383","Holt 1","Wrexham",1384,1418,1353,-34,65,31
"375","W01000384","Holt 2","Wrexham",1752,1700,1808,52,-108,-56
"376","W01000385","Johnstown 1","Wrexham",1737,1716,1659,21,57,78
"377","W01000386","Johnstown 2","Wrexham",665,658,546,7,112,119
"378","W01000387","Little Acton 1","Wrexham",1849,1837,1694,12,143,155
"379","W01000388","Little Acton 2","Wrexham",1572,1466,1531,106,-65,41
"380","W01000389","Llangollen Rural","Wrexham",1337,1331,1305,6,26,32
"381","W01000390","Llay 1","Wrexham",1359,1398,1278,-39,120,81
"382","W01000391","Llay 2","Wrexham",1347,1241,1341,106,-100,6
"383","W01000392","Llay 3","Wrexham",383,395,359,-12,36,24
"384","W01000393","Maesydre","Wrexham",962,778,872,184,-94,90
"385","W01000394","Marchwiel 1","Wrexham",1441,1602,1518,-161,84,-77
"386","W01000395","Marchwiel 2","Wrexham",1357,1124,1309,233,-185,48
"387","W01000396","Marford and Hoseley 1","Wrexham",1901,1891,1870,10,21,31
"388","W01000397","Marford and Hoseley 2","Wrexham",1908,1904,1872,4,32,36
"389","W01000398","Minera 1","Wrexham",1113,1247,1164,-134,83,-51
"390","W01000399","Minera 2","Wrexham",1548,1680,1680,-132,0,-132
"391","W01000400","New Broughton 1","Wrexham",1033,1000,1155,33,-155,-122
"392","W01000401","New Broughton 2","Wrexham",696,763,781,-67,-18,-85
"393","W01000402","Offa","Wrexham",717,842,1064,-125,-222,-347
"394","W01000403","Overton 1","Wrexham",1465,1531,1475,-66,56,-10
"395","W01000404","Overton 2","Wrexham",1495,1493,1551,2,-58,-56
"396","W01000405","Pant","Wrexham",458,442,397,16,45,61
"397","W01000406","Penycae","Wrexham",341,317,315,24,2,26
"398","W01000407","Penycae and Ruabon South 1","Wrexham",1554,1703,1547,-149,156,7
"399","W01000408","Penycae and Ruabon South 2","Wrexham",846,780,670,66,110,176
"400","W01000409","Plas Madoc","Wrexham",99,54,24,45,30,75
"401","W01000410","Ponciau 1","Wrexham",997,1185,1346,-188,-161,-349
"402","W01000411","Ponciau 2","Wrexham",454,514,483,-60,31,-29
"403","W01000412","Ponciau 3","Wrexham",893,1094,939,-201,155,-46
"404","W01000413","Queensway 1","Wrexham",9,3,9,6,-6,0
"405","W01000414","Queensway 2","Wrexham",80,108,88,-28,20,-8
"406","W01000415","Rhosnesni 1","Wrexham",1535,1554,1520,-19,34,15
"407","W01000416","Rhosnesni 2","Wrexham",1892,1851,1857,41,-6,35
"408","W01000417","Rossett 1","Wrexham",1805,1805,1777,0,28,28
"409","W01000418","Rossett 2","Wrexham",1415,1497,1314,-82,183,101
"410","W01000419","Ruabon 1","Wrexham",754,678,508,76,170,246
"411","W01000420","Ruabon 2","Wrexham",1035,807,944,228,-137,91
"412","W01000422","Stansty","Wrexham",1286,1118,1181,168,-63,105
"413","W01000423","Whitegate 1","Wrexham",599,435,412,164,23,187
"414","W01000424","Whitegate 2","Wrexham",931,913,762,18,151,169
"415","W01000425","Wynnstay","Wrexham",45,52,26,-7,26,19
"416","W01000426","Aber-craf","Powys",950,855,808,95,47,142
"417","W01000427","Beguildy","Powys",830,848,1088,-18,-240,-258
"418","W01000428","Berriew","Powys",1235,1309,1326,-74,-17,-91
"419","W01000429","Blaen Hafren","Powys",1281,1356,1256,-75,100,25
"420","W01000430","Bronllys","Powys",1319,1255,1359,64,-104,-40
"421","W01000431","Builth 1","Powys",1122,1132,1199,-10,-67,-77
"422","W01000432","Builth 2","Powys",1626,1801,1876,-175,-75,-250
"423","W01000433","Caersws","Powys",1094,1137,1123,-43,14,-29
"424","W01000434","Churchstoke","Powys",1047,1248,1376,-201,-128,-329
"425","W01000438","Disserth and Trecoed","Powys",612,651,730,-39,-79,-118
"426","W01000439","Dolforwyn","Powys",1432,1502,1399,-70,103,33
"427","W01000440","Felin-fâch","Powys",1480,1539,1489,-59,50,-9
"428","W01000441","Forden","Powys",1561,1594,1605,-33,-11,-44
"429","W01000442","Glantwymyn","Powys",1097,1238,1151,-141,87,-54
"430","W01000443","Glasbury","Powys",1461,1472,1397,-11,75,64
"431","W01000444","Guilsfield","Powys",1545,1513,1519,32,-6,26
"432","W01000445","Gwernyfed","Powys",1358,1268,1296,90,-28,62
"433","W01000446","Hay","Powys",1578,1461,1190,117,271,388
"434","W01000447","Kerry","Powys",1259,1380,1401,-121,-21,-142
"435","W01000448","Knighton 1","Powys",1161,1228,1227,-67,1,-66
"436","W01000449","Knighton 2","Powys",1417,1159,1267,258,-108,150
"437","W01000450","Llanafanfawr","Powys",1307,1458,1285,-151,173,22
"438","W01000451","Llanbadarn Fawr","Powys",1288,1360,1334,-72,26,-46
"439","W01000452","Llanbrynmair & Banwy","Powys",882,888,983,-6,-95,-101
"440","W01000453","Llandinam","Powys",1263,1368,1293,-105,75,-30
"441","W01000454","Llandrindod East/Llandrindod West","Powys",378,444,567,-66,-123,-189
"442","W01000455","Llandrindod North","Powys",769,1021,713,-252,308,56
"443","W01000456","Llandrindod South","Powys",701,992,1065,-291,-73,-364
"444","W01000457","Llandrinio","Powys",1368,1376,1591,-8,-215,-223
"445","W01000458","Llandysilio","Powys",1399,1370,1494,29,-124,-95
"446","W01000459","Llanelwedd","Powys",1027,1262,1245,-235,17,-218
"447","W01000460","Llanfair Caereinion","Powys",1199,1163,1241,36,-78,-42
"448","W01000461","Llanfyllin","Powys",888,947,959,-59,-12,-71
"449","W01000464","Llangunllo","Powys",1154,1296,1276,-142,20,-122
"450","W01000465","Llangynidr","Powys",1605,1526,1679,79,-153,-74
"451","W01000466","Llanidloes 1","Powys",1532,1525,1504,7,21,28
"452","W01000467","Llanidloes 2","Powys",1536,1517,1521,19,-4,15
"453","W01000470","Llansantffraid","Powys",1313,1236,1382,77,-146,-69
"454","W01000471","Llanwrtyd Wells","Powys",1010,1053,1077,-43,-24,-67
"455","W01000472","Llanyre","Powys",1436,1421,1537,15,-116,-101
"456","W01000473","Machynlleth","Powys",1240,1129,938,111,191,302
"457","W01000474","Maescar/Llywel","Powys",1241,1186,1322,55,-136,-81
"458","W01000475","Meifod & Llanfihangel","Powys",1104,1249,1149,-145,100,-45
"459","W01000476","Montgomery","Powys",1577,1494,1532,83,-38,45
"460","W01000477","Nantmel","Powys",1098,1222,1150,-124,72,-52
"461","W01000478","Newtown Central 1","Powys",412,394,599,18,-205,-187
"462","W01000479","Newtown Central 2","Powys",512,537,528,-25,9,-16
"463","W01000480","Newtown East","Powys",379,469,576,-90,-107,-197
"464","W01000481","Newtown Llanllwchaiarn North","Powys",1470,1692,1412,-222,280,58
"465","W01000482","Newtown Llanllwchaiarn West","Powys",1315,1552,1564,-237,-12,-249
"466","W01000483","Newtown South","Powys",284,318,456,-34,-138,-172
"467","W01000484","Old Radnor","Powys",1219,1323,1253,-104,70,-34
"468","W01000485","Presteigne 1","Powys",1380,1438,1400,-58,38,-20
"469","W01000486","Presteigne 2","Powys",1438,1211,1367,227,-156,71
"470","W01000487","Rhayader","Powys",1068,1007,1005,61,2,63
"471","W01000488","Rhiwcynon","Powys",1304,1269,1094,35,175,210
"472","W01000489","St. David Within","Powys",1137,1073,992,64,81,145
"473","W01000492","St. Mary 1","Powys",1063,1190,1365,-127,-175,-302
"474","W01000493","St. Mary 2","Powys",1687,1705,1728,-18,-23,-41
"475","W01000494","Talgarth","Powys",1341,1260,1139,81,121,202
"476","W01000496","Tawe-Uchaf","Powys",847,1004,857,-157,147,-10
"477","W01000497","Trewern","Powys",1247,1250,1417,-3,-167,-170
"478","W01000498","Welshpool Castle","Powys",292,296,471,-4,-175,-179
"479","W01000499","Welshpool Gungrog 1","Powys",563,561,625,2,-64,-62
"480","W01000500","Welshpool Gungrog 2","Powys",1093,1140,1226,-47,-86,-133
"481","W01000501","Welshpool Llanerchyddol","Powys",1125,1172,1167,-47,5,-42
"482","W01000502","Ynyscedwyn","Powys",1198,965,1016,233,-51,182
"483","W01000503","Yscir","Powys",1264,1488,1440,-224,48,-176
"484","W01000504","Ystradgynlais 1","Powys",117,158,117,-41,41,0
"485","W01000505","Ystradgynlais 2","Powys",821,813,797,8,16,24
"486","W01000506","Aberaeron","Ceredigion",1257,1413,1446,-156,-33,-189
"487","W01000507","Aberporth 1","Ceredigion",1213,1302,1511,-89,-209,-298
"488","W01000508","Aberporth 2","Ceredigion",871,677,874,194,-197,-3
"489","W01000509","Aberteifi/Cardigan - Mwldan","Ceredigion",899,962,843,-63,119,56
"490","W01000510","Aberteifi/Cardigan - Rhyd-y-Fuwch","Ceredigion",370,529,379,-159,150,-9
"491","W01000511","Aberteifi/Cardigan - Teifi","Ceredigion",125,149,250,-24,-101,-125
"492","W01000512","Aberystwyth Bronglais","Ceredigion",1546,1806,1822,-260,-16,-276
"493","W01000513","Aberystwyth Canol/Central","Ceredigion",784,1303,1076,-519,227,-292
"494","W01000515","Aberystwyth Penparcau 1","Ceredigion",533,536,652,-3,-116,-119
"495","W01000516","Aberystwyth Penparcau 2","Ceredigion",594,591,747,3,-156,-153
"496","W01000517","Aberystwyth Rheidol 1","Ceredigion",1014,1348,1203,-334,145,-189
"497","W01000518","Aberystwyth Rheidol 2","Ceredigion",1045,923,1369,122,-446,-324
"498","W01000519","Beulah","Ceredigion",1115,1084,1051,31,33,64
"499","W01000522","Capel Dewi","Ceredigion",790,806,907,-16,-101,-117
"500","W01000523","Ceulanamaesmawr","Ceredigion",1214,1311,1385,-97,-74,-171
"501","W01000524","Ciliau Aeron","Ceredigion",1040,1141,1174,-101,-33,-134
"502","W01000525","Faenor 1","Ceredigion",1875,1787,1836,88,-49,39
"503","W01000527","Lampeter 1","Ceredigion",1360,1591,1759,-231,-168,-399
"504","W01000528","Lampeter 2","Ceredigion",843,881,854,-38,27,-11
"505","W01000529","Llanarth","Ceredigion",858,826,975,32,-149,-117
"506","W01000531","Llandyfriog","Ceredigion",891,847,936,44,-89,-45
"507","W01000532","Llandysiliogogo","Ceredigion",1111,1220,1186,-109,34,-75
"508","W01000533","Llandysul Town","Ceredigion",755,797,737,-42,60,18
"509","W01000534","Llanfarian","Ceredigion",1472,1592,1588,-120,4,-116
"510","W01000535","Llanfihangel Ystrad","Ceredigion",714,820,931,-106,-111,-217
"511","W01000536","Llangeitho","Ceredigion",685,843,988,-158,-145,-303
"512","W01000537","Llangybi","Ceredigion",776,863,912,-87,-49,-136
"513","W01000538","Llanrhystyd","Ceredigion",1003,1054,1146,-51,-92,-143
"514","W01000539","Llansantffraed 1","Ceredigion",767,979,1033,-212,-54,-266
"515","W01000540","Llansantffraed 2","Ceredigion",981,1131,1176,-150,-45,-195
"516","W01000541","Llanwenog","Ceredigion",916,968,954,-52,14,-38
"517","W01000542","Lledrod","Ceredigion",689,819,1023,-130,-204,-334
"518","W01000543","Melindwr","Ceredigion",802,1001,1198,-199,-197,-396
"519","W01000544","New Quay","Ceredigion",1076,946,1069,130,-123,7
"520","W01000545","Penbryn","Ceredigion",1055,1218,1015,-163,203,40
"521","W01000546","Pen-parc 1","Ceredigion",894,916,822,-22,94,72
"522","W01000547","Pen-parc 2","Ceredigion",1321,1351,1154,-30,197,167
"523","W01000548","Tirymynach","Ceredigion",1266,1300,1370,-34,-70,-104
"524","W01000549","Trefeurig","Ceredigion",1604,1575,1559,29,16,45
"525","W01000550","Tregaron","Ceredigion",765,1107,838,-342,269,-73
"526","W01000551","Troedyraur","Ceredigion",1011,876,1017,135,-141,-6
"527","W01000552","Ystwyth","Ceredigion",1270,1349,1387,-79,-38,-117
"528","W01000553","Amroth","Pembrokeshire",1079,1181,1166,-102,15,-87
"529","W01000554","Burton","Pembrokeshire",1450,1420,1405,30,15,45
"530","W01000555","Camrose 1","Pembrokeshire",1402,1419,1377,-17,42,25
"531","W01000556","Camrose 2","Pembrokeshire",1258,1307,1323,-49,-16,-65
"532","W01000557","Carew","Pembrokeshire",1392,1347,1343,45,4,49
"533","W01000558","Cilgerran","Pembrokeshire",1148,1010,967,138,43,181
"534","W01000559","Clydau","Pembrokeshire",880,970,968,-90,2,-88
"535","W01000560","Crymych 1","Pembrokeshire",1017,1112,1212,-95,-100,-195
"536","W01000561","Crymych 2","Pembrokeshire",1180,1156,1027,24,129,153
"537","W01000562","Dinas Cross","Pembrokeshire",1218,1324,1165,-106,159,53
"538","W01000563","East Williamston 1","Pembrokeshire",848,1100,1179,-252,-79,-331
"539","W01000564","East Williamston 2","Pembrokeshire",1397,1299,1222,98,77,175
"540","W01000565","Fishguard North East","Pembrokeshire",989,1147,1052,-158,95,-63
"541","W01000566","Fishguard North West","Pembrokeshire",936,769,902,167,-133,34
"542","W01000567","Goodwick","Pembrokeshire",927,834,726,93,108,201
"543","W01000568","Haverfordwest: Castle","Pembrokeshire",424,488,425,-64,63,-1
"544","W01000569","Haverfordwest: Garth 1","Pembrokeshire",1311,1492,1336,-181,156,-25
"545","W01000570","Haverfordwest: Garth 2","Pembrokeshire",71,104,102,-33,2,-31
"546","W01000571","Haverfordwest: Portfield","Pembrokeshire",960,1035,1007,-75,28,-47
"547","W01000572","Haverfordwest: Prendergast","Pembrokeshire",1205,1201,1424,4,-223,-219
"548","W01000573","Haverfordwest: Priory","Pembrokeshire",1435,1265,1432,170,-167,3
"549","W01000574","Hundleton","Pembrokeshire",982,1103,1224,-121,-121,-242
"550","W01000575","Johnston","Pembrokeshire",1059,1020,756,39,264,303
"551","W01000576","Kilgetty/Begelly","Pembrokeshire",928,951,1018,-23,-67,-90
"552","W01000577","Lampeter Velfrey","Pembrokeshire",1289,1365,1234,-76,131,55
"553","W01000578","Lamphey","Pembrokeshire",1228,1226,1113,2,113,115
"554","W01000579","Letterston","Pembrokeshire",1185,1075,1130,110,-55,55
"555","W01000580","Llangwm","Pembrokeshire",1555,1423,1415,132,8,140
"556","W01000581","Llanrhian","Pembrokeshire",1262,1165,1259,97,-94,3
"557","W01000582","Maenclochog 1","Pembrokeshire",873,1043,865,-170,178,8
"558","W01000583","Maenclochog 2","Pembrokeshire",1317,1288,1337,29,-49,-20
"559","W01000584","Manorbier","Pembrokeshire",1136,1051,1216,85,-165,-80
"560","W01000585","Martletwy","Pembrokeshire",1203,1301,1109,-98,192,94
"561","W01000586","Merlin's Bridge","Pembrokeshire",549,597,778,-48,-181,-229
"562","W01000587","Milford: Central","Pembrokeshire",734,743,741,-9,2,-7
"563","W01000588","Milford: East","Pembrokeshire",298,508,495,-210,13,-197
"564","W01000589","Milford: Hakin 1","Pembrokeshire",684,654,631,30,23,53
"565","W01000590","Milford: Hakin 2","Pembrokeshire",933,728,875,205,-147,58
"566","W01000591","Milford: Hubberston 1","Pembrokeshire",702,684,799,18,-115,-97
"567","W01000592","Milford: Hubberston 2","Pembrokeshire",254,173,213,81,-40,41
"568","W01000593","Milford: North","Pembrokeshire",794,896,963,-102,-67,-169
"569","W01000594","Milford: West","Pembrokeshire",310,363,331,-53,32,-21
"570","W01000595","Narberth","Pembrokeshire",1186,1085,1095,101,-10,91
"571","W01000596","Narberth Rural","Pembrokeshire",1523,1407,1297,116,110,226
"572","W01000597","Newport","Pembrokeshire",1351,1326,1180,25,146,171
"573","W01000598","Neyland: East","Pembrokeshire",1142,1079,974,63,105,168
"574","W01000599","Neyland: West","Pembrokeshire",852,856,759,-4,97,93
"575","W01000600","Pembroke Dock: Central","Pembrokeshire",148,201,404,-53,-203,-256
"576","W01000601","Pembroke Dock: Llanion 1","Pembrokeshire",62,67,52,-5,15,10
"577","W01000602","Pembroke Dock: Llanion 2","Pembrokeshire",770,707,893,63,-186,-123
"578","W01000603","Pembroke Dock: Market","Pembrokeshire",746,703,688,43,15,58
"579","W01000604","Pembroke Dock: Pennar 1","Pembrokeshire",294,487,466,-193,21,-172
"580","W01000605","Pembroke Dock: Pennar 2","Pembrokeshire",631,714,721,-83,-7,-90
"581","W01000606","Pembroke: Monkton","Pembrokeshire",85,80,99,5,-19,-14
"582","W01000607","Pembroke: St. Mary North","Pembrokeshire",399,411,301,-12,110,98
"583","W01000608","Pembroke: St. Mary South","Pembrokeshire",640,572,613,68,-41,27
"584","W01000609","Pembroke: St. Michael","Pembrokeshire",1538,1457,1425,81,32,113
"585","W01000610","Penally","Pembrokeshire",1400,1506,1448,-106,58,-48
"586","W01000611","Rudbaxton","Pembrokeshire",1443,1530,1408,-87,122,35
"587","W01000612","St. David's","Pembrokeshire",1207,1121,1037,86,84,170
"588","W01000613","St. Dogmaels","Pembrokeshire",1031,1109,860,-78,249,171
"589","W01000614","St. Ishmael's","Pembrokeshire",941,1019,880,-78,139,61
"590","W01000615","Saundersfoot 1","Pembrokeshire",1452,1569,1581,-117,-12,-129
"591","W01000616","Saundersfoot 2","Pembrokeshire",1430,1384,1383,46,1,47
"592","W01000617","Scleddau","Pembrokeshire",738,816,829,-78,-13,-91
"593","W01000618","Solva","Pembrokeshire",1170,1171,1128,-1,43,42
"594","W01000619","Tenby: North","Pembrokeshire",1284,1541,1373,-257,168,-89
"595","W01000620","Tenby: South 1","Pembrokeshire",1056,1189,1014,-133,175,42
"596","W01000621","Tenby: South 2","Pembrokeshire",892,772,820,120,-48,72
"597","W01000622","The Havens","Pembrokeshire",1414,1359,1217,55,142,197
"598","W01000623","Wiston","Pembrokeshire",1314,1273,1124,41,149,190
"599","W01000624","Abergwili","Carmarthenshire",1398,1516,1496,-118,20,-98
"600","W01000625","Ammanford 1","Carmarthenshire",384,291,373,93,-82,11
"601","W01000626","Ammanford 2","Carmarthenshire",434,534,684,-100,-150,-250
"602","W01000627","Betws","Carmarthenshire",1026,849,692,177,157,334
"603","W01000628","Bigyn 1","Carmarthenshire",1070,1015,1021,55,-6,49
"604","W01000629","Bigyn 2","Carmarthenshire",583,859,739,-276,120,-156
"605","W01000630","Bigyn 3","Carmarthenshire",810,967,910,-157,57,-100
"606","W01000631","Bigyn 4","Carmarthenshire",84,124,75,-40,49,9
"607","W01000632","Burry Port 1","Carmarthenshire",896,796,612,100,184,284
"608","W01000633","Burry Port 2","Carmarthenshire",443,479,394,-36,85,49
"609","W01000634","Burry Port 3","Carmarthenshire",1220,1379,1144,-159,235,76
"610","W01000635","Bynea 1","Carmarthenshire",1273,1072,906,201,166,367
"611","W01000636","Bynea 2","Carmarthenshire",728,673,473,55,200,255
"612","W01000637","Carmarthen Town North 1","Carmarthenshire",614,644,685,-30,-41,-71
"613","W01000638","Carmarthen Town North 2","Carmarthenshire",369,266,342,103,-76,27
"614","W01000639","Carmarthen Town North 3","Carmarthenshire",743,1080,973,-337,107,-230
"615","W01000640","Carmarthen Town North 4","Carmarthenshire",1792,1761,1766,31,-5,26
"616","W01000641","Carmarthen Town South 1","Carmarthenshire",418,464,566,-46,-102,-148
"617","W01000642","Carmarthen Town South 2","Carmarthenshire",1406,1240,1437,166,-197,-31
"618","W01000643","Carmarthen Town West 1","Carmarthenshire",971,931,727,40,204,244
"619","W01000644","Carmarthen Town West 2","Carmarthenshire",1464,1476,1416,-12,60,48
"620","W01000645","Carmarthen Town West 3","Carmarthenshire",1256,1104,1105,152,-1,151
"621","W01000646","Cenarth","Carmarthenshire",758,735,683,23,52,75
"622","W01000647","Cilycwm","Carmarthenshire",910,996,976,-86,20,-66
"623","W01000648","Cynwyl Elfed 1","Carmarthenshire",943,999,1039,-56,-40,-96
"624","W01000649","Cynwyl Elfed 2","Carmarthenshire",1440,1427,1491,13,-64,-51
"625","W01000650","Cynwyl Gaeo","Carmarthenshire",793,928,892,-135,36,-99
"626","W01000651","Dafen 1","Carmarthenshire",1201,1263,1191,-62,72,10
"627","W01000652","Dafen 2","Carmarthenshire",528,672,584,-144,88,-56
"628","W01000653","Elli 1","Carmarthenshire",1144,1113,1024,31,89,120
"629","W01000654","Elli 2","Carmarthenshire",478,543,532,-65,11,-54
"630","W01000655","Felinfoel","Carmarthenshire",360,475,419,-115,56,-59
"631","W01000656","Garnant","Carmarthenshire",636,666,573,-30,93,63
"632","W01000657","Glanamman 1","Carmarthenshire",557,478,556,79,-78,1
"633","W01000658","Glanamman 2","Carmarthenshire",525,539,676,-14,-137,-151
"634","W01000659","Glanymor 1","Carmarthenshire",196,194,156,2,38,40
"635","W01000660","Glanymor 2","Carmarthenshire",236,349,192,-113,157,44
"636","W01000662","Glyn (Carmarthenshire)","Carmarthenshire",1066,904,815,162,89,251
"637","W01000663","Gorslas 1","Carmarthenshire",1157,1352,1091,-195,261,66
"638","W01000664","Gorslas 2","Carmarthenshire",1077,1277,927,-200,350,150
"639","W01000665","Hendy 1","Carmarthenshire",1680,1777,1675,-97,102,5
"640","W01000666","Hendy 2","Carmarthenshire",1173,1069,1242,104,-173,-69
"641","W01000667","Hengoed (Carmarthenshire) 1","Carmarthenshire",1043,1098,1131,-55,-33,-88
"642","W01000670","Kidwelly 1","Carmarthenshire",318,403,531,-85,-128,-213
"643","W01000671","Kidwelly 2","Carmarthenshire",990,1089,928,-99,161,62
"644","W01000672","Laugharne Township 1","Carmarthenshire",641,729,824,-88,-95,-183
"645","W01000673","Laugharne Township 2","Carmarthenshire",881,1096,1175,-215,-79,-294
"646","W01000674","Llanboidy","Carmarthenshire",1112,1030,997,82,33,115
"647","W01000675","Llanddarog","Carmarthenshire",1278,1280,1184,-2,96,94
"648","W01000676","Llandeilo 1","Carmarthenshire",1446,1416,1307,30,109,139
"649","W01000677","Llandeilo 2","Carmarthenshire",741,857,996,-116,-139,-255
"650","W01000678","Llandovery 1","Carmarthenshire",763,756,849,7,-93,-86
"651","W01000679","Llandovery 2","Carmarthenshire",1067,1243,1391,-176,-148,-324
"652","W01000680","Llandybie 1","Carmarthenshire",1303,1440,1488,-137,-48,-185
"653","W01000681","Llandybie 2","Carmarthenshire",491,646,769,-155,-123,-278
"654","W01000682","Llanegwad 1","Carmarthenshire",1215,1394,1410,-179,-16,-195
"655","W01000683","Llanegwad 2","Carmarthenshire",648,726,879,-78,-153,-231
"656","W01000684","Llanfihangel Aberbythych","Carmarthenshire",1146,1256,1111,-110,145,35
"657","W01000685","Llanfihangel-ar-Arth 1","Carmarthenshire",673,766,784,-93,-18,-111
"658","W01000686","Llanfihangel-ar-Arth 2","Carmarthenshire",1108,1317,1204,-209,113,-96
"659","W01000687","Llangadog","Carmarthenshire",883,960,999,-77,-39,-116
"660","W01000688","Llangeler 1","Carmarthenshire",546,578,656,-32,-78,-110
"661","W01000689","Llangeler 2","Carmarthenshire",1096,1048,1006,48,42,90
"662","W01000690","Llangennech 1","Carmarthenshire",1283,1325,1031,-42,294,252
"663","W01000691","Llangennech 2","Carmarthenshire",1396,1012,948,384,64,448
"664","W01000692","Llangennech 3","Carmarthenshire",1188,1210,1236,-22,-26,-48
"665","W01000693","Llangunnor 1","Carmarthenshire",939,937,1087,2,-150,-148
"666","W01000694","Llangunnor 2","Carmarthenshire",1437,1402,1257,35,145,180
"667","W01000695","Llangyndeyrn 1","Carmarthenshire",503,560,504,-57,56,-1
"668","W01000696","Llangyndeyrn 2","Carmarthenshire",906,883,813,23,70,93
"669","W01000697","Llannon 1","Carmarthenshire",890,693,554,197,139,336
"670","W01000698","Llannon 2","Carmarthenshire",972,788,751,184,37,221
"671","W01000699","Llannon 3","Carmarthenshire",1385,1337,1228,48,109,157
"672","W01000700","Llansteffan","Carmarthenshire",1237,1088,1211,149,-123,26
"673","W01000701","Llanybydder 1","Carmarthenshire",1024,1052,1099,-28,-47,-75
"674","W01000702","Llanybydder 2","Carmarthenshire",854,736,708,118,28,146
"675","W01000703","Lliedi 1","Carmarthenshire",499,609,635,-110,-26,-136
"676","W01000704","Lliedi 2","Carmarthenshire",1309,1373,1277,-64,96,32
"677","W01000705","Lliedi 3","Carmarthenshire",395,358,273,37,85,122
"678","W01000706","Llwynhendy 1","Carmarthenshire",693,801,686,-108,115,7
"679","W01000707","Llwynhendy 2","Carmarthenshire",222,294,259,-72,35,-37
"680","W01000708","Llwynhendy 3","Carmarthenshire",172,125,171,47,-46,1
"681","W01000709","Manordeilo and Salem","Carmarthenshire",976,1090,1019,-114,71,-43
"682","W01000710","Pembrey 1","Carmarthenshire",1586,1637,1464,-51,173,122
"683","W01000711","Pembrey 2","Carmarthenshire",404,400,422,4,-22,-18
"684","W01000712","Penygroes (Carmarthenshire) 1","Carmarthenshire",1299,1279,1110,20,169,189
"685","W01000713","Penygroes (Carmarthenshire) 2","Carmarthenshire",1061,984,994,77,-10,67
"686","W01000714","Pontamman 1","Carmarthenshire",494,554,677,-60,-123,-183
"687","W01000715","Pontamman 2","Carmarthenshire",1544,1521,1409,23,112,135
"688","W01000716","Pontyberem 1","Carmarthenshire",1209,1143,1300,66,-157,-91
"689","W01000717","Pontyberem 2","Carmarthenshire",824,802,760,22,42,64
"690","W01000718","Quarter Bach 1","Carmarthenshire",683,660,651,23,9,32
"691","W01000719","Quarter Bach 2","Carmarthenshire",835,774,689,61,85,146
"692","W01000720","St. Clears 1","Carmarthenshire",1200,1127,1193,73,-66,7
"693","W01000721","St. Clears 2","Carmarthenshire",1245,1138,1235,107,-97,10
"694","W01000722","St. Ishmael 1","Carmarthenshire",1445,1545,1486,-100,59,-41
"695","W01000723","St. Ishmael 2","Carmarthenshire",787,837,1119,-50,-282,-332
"696","W01000724","Saron 1","Carmarthenshire",818,694,541,124,153,277
"697","W01000725","Saron 2","Carmarthenshire",955,899,733,56,166,222
"698","W01000726","Swiss Valley 1","Carmarthenshire",1690,1745,1678,-55,67,12
"699","W01000727","Swiss Valley 2","Carmarthenshire",1418,1363,1306,55,57,112
"700","W01000728","Trelech","Carmarthenshire",849,884,1001,-35,-117,-152
"701","W01000729","Trimsaran 1","Carmarthenshire",342,320,383,22,-63,-41
"702","W01000730","Trimsaran 2","Carmarthenshire",543,594,600,-51,-6,-57
"703","W01000731","Tycroes","Carmarthenshire",1296,1198,1185,98,13,111
"704","W01000732","Tyisha 1","Carmarthenshire",396,505,510,-109,-5,-114
"705","W01000733","Tyisha 2","Carmarthenshire",17,55,44,-38,11,-27
"706","W01000734","Tyisha 3","Carmarthenshire",144,187,161,-43,26,-17
"707","W01000735","Whitland","Carmarthenshire",1268,1191,899,77,292,369
"708","W01000736","Bishopston 1","Swansea",1895,1828,1820,67,8,75
"709","W01000737","Bishopston 2","Swansea",1825,1681,1439,144,242,386
"710","W01000738","Bonymaen 1","Swansea",81,102,61,-21,41,20
"711","W01000739","Bonymaen 2","Swansea",460,331,236,129,95,224
"712","W01000740","Bonymaen 3","Swansea",1158,827,926,331,-99,232
"713","W01000741","Bonymaen 4","Swansea",355,380,424,-25,-44,-69
"714","W01000742","Castle 1","Swansea",23,33,41,-10,-8,-18
"715","W01000744","Castle 3","Swansea",290,292,282,-2,10,8
"716","W01000745","Castle 4","Swansea",321,356,278,-35,78,43
"717","W01000746","Castle 5","Swansea",448,762,660,-314,102,-212
"718","W01000747","Castle 6","Swansea",643,891,671,-248,220,-28
"719","W01000749","Castle 8","Swansea",660,614,289,46,325,371
"720","W01000750","Clydach 1","Swansea",496,657,529,-161,128,-33
"721","W01000751","Clydach 2","Swansea",1714,1563,1457,151,106,257
"722","W01000752","Clydach 3","Swansea",297,325,338,-28,-13,-41
"723","W01000753","Clydach 4","Swansea",697,724,690,-27,34,7
"724","W01000754","Clydach 5","Swansea",766,759,743,7,16,23
"725","W01000755","Cockett 1","Swansea",861,1037,979,-176,58,-118
"726","W01000756","Cockett 2","Swansea",229,224,279,5,-55,-50
"727","W01000757","Cockett 3","Swansea",775,906,937,-131,-31,-162
"728","W01000758","Cockett 4","Swansea",1163,1195,1229,-32,-34,-66
"729","W01000759","Cockett 5","Swansea",1539,1430,1188,109,242,351
"730","W01000760","Cockett 6","Swansea",624,754,524,-130,230,100
"731","W01000761","Cockett 7","Swansea",724,791,650,-67,141,74
"732","W01000762","Cockett 8","Swansea",207,217,254,-10,-37,-47
"733","W01000763","Cwmbwrla 1","Swansea",649,939,920,-290,19,-271
"734","W01000764","Cwmbwrla 2","Swansea",732,921,971,-189,-50,-239
"735","W01000765","Cwmbwrla 3","Swansea",719,818,914,-99,-96,-195
"736","W01000766","Cwmbwrla 4","Swansea",1057,1294,1178,-237,116,-121
"737","W01000767","Cwmbwrla 5","Swansea",417,502,490,-85,12,-73
"738","W01000768","Dunvant 1","Swansea",1501,1558,1525,-57,33,-24
"739","W01000769","Dunvant 2","Swansea",1797,1701,1663,96,38,134
"740","W01000770","Dunvant 3","Swansea",1808,1820,1813,-12,7,-5
"741","W01000771","Fairwood 2","Swansea",1516,1446,1378,70,68,138
"742","W01000772","Fairwood 1","Swansea",1718,1639,1647,79,-8,71
"743","W01000773","Gorseinon 1","Swansea",762,631,610,131,21,152
"744","W01000774","Gorseinon 2","Swansea",1030,998,1004,32,-6,26
"745","W01000775","Gower (Swansea) 1","Swansea",1513,1445,1546,68,-101,-33
"746","W01000776","Gower (Swansea) 2","Swansea",1611,1538,1624,73,-86,-13
"747","W01000777","Gowerton 1","Swansea",1722,1707,1652,15,55,70
"748","W01000778","Gowerton 2","Swansea",1525,1648,1636,-123,12,-111
"749","W01000779","Gowerton 3","Swansea",1147,1061,1103,86,-42,44
"750","W01000781","Killay North 2","Swansea",1897,1908,1894,-11,14,3
"751","W01000782","Killay South 1","Swansea",1757,1759,1773,-2,-14,-16
"752","W01000784","Kingsbridge 1","Swansea",1469,1321,1327,148,-6,142
"753","W01000785","Kingsbridge 2","Swansea",1851,1794,1787,57,7,64
"754","W01000786","Kingsbridge 3","Swansea",1636,1601,1445,35,156,191
"755","W01000787","Landore 1","Swansea",490,585,570,-95,15,-80
"756","W01000788","Landore 2","Swansea",230,302,374,-72,-72,-144
"757","W01000789","Landore 3","Swansea",276,234,233,42,1,43
"758","W01000790","Landore 4","Swansea",363,271,302,92,-31,61
"759","W01000791","Llangyfelach 1","Swansea",1749,1721,1691,28,30,58
"760","W01000792","Llangyfelach 2","Swansea",1806,1720,1612,86,108,194
"761","W01000793","Llangyfelach 3","Swansea",1765,1734,1696,31,38,69
"762","W01000794","Llansamlet 1","Swansea",1118,882,866,236,16,252
"763","W01000795","Llansamlet 2","Swansea",1547,1651,1604,-104,47,-57
"764","W01000796","Llansamlet 3","Swansea",1533,1388,1251,145,137,282
"765","W01000797","Llansamlet 4","Swansea",1431,1397,1549,34,-152,-118
"766","W01000798","Llansamlet 5","Swansea",1091,1160,1036,-69,124,55
"767","W01000799","Llansamlet 6","Swansea",386,269,305,117,-36,81
"768","W01000800","Llansamlet 7","Swansea",1664,1694,1574,-30,120,90
"769","W01000801","Llansamlet 8","Swansea",179,207,317,-28,-110,-138
"770","W01000802","Lower Loughor","Swansea",966,793,891,173,-98,75
"771","W01000803","Mawr","Swansea",1029,1036,943,-7,93,86
"772","W01000804","Mayals 1","Swansea",1858,1873,1721,-15,152,137
"773","W01000805","Mayals 2","Swansea",1906,1883,1825,23,58,81
"774","W01000806","Morriston 1","Swansea",1088,991,929,97,62,159
"775","W01000807","Morriston 2","Swansea",1618,1613,1650,5,-37,-32
"776","W01000808","Morriston 3","Swansea",1271,1092,1163,179,-71,108
"777","W01000809","Morriston 4","Swansea",686,695,804,-9,-109,-118
"778","W01000810","Morriston 5","Swansea",95,119,133,-24,-14,-38
"779","W01000811","Morriston 6","Swansea",309,336,552,-27,-216,-243
"780","W01000812","Morriston 7","Swansea",154,140,178,14,-38,-24
"781","W01000813","Morriston 8","Swansea",1250,1187,1462,63,-275,-212
"782","W01000814","Morriston 9","Swansea",205,116,226,89,-110,-21
"783","W01000815","Morriston 10","Swansea",1570,1579,1526,-9,53,44
"784","W01000816","Morriston 11","Swansea",1677,1577,1627,100,-50,50
"785","W01000817","Mynyddbach 1","Swansea",37,43,49,-6,-6,-12
"786","W01000818","Mynyddbach 2","Swansea",467,332,492,135,-160,-25
"787","W01000819","Mynyddbach 3","Swansea",1589,1628,1710,-39,-82,-121
"788","W01000820","Mynyddbach 4","Swansea",1021,895,961,126,-66,60
"789","W01000821","Mynyddbach 5","Swansea",859,930,714,-71,216,145
"790","W01000822","Mynyddbach 6","Swansea",1230,1261,1338,-31,-77,-108
"791","W01000823","Newton (Swansea) 1","Swansea",1905,1885,1854,20,31,51
"792","W01000824","Newton (Swansea) 2","Swansea",1801,1784,1714,17,70,87
"793","W01000825","Oystermouth 1","Swansea",1719,1666,1668,53,-2,51
"794","W01000826","Oystermouth 2","Swansea",1760,1670,1733,90,-63,27
"795","W01000827","Oystermouth 3","Swansea",1826,1879,1875,-53,4,-49
"796","W01000828","Penclawdd 1","Swansea",1667,1560,1582,107,-22,85
"797","W01000829","Penclawdd 2","Swansea",1255,1083,809,172,274,446
"798","W01000830","Penderry 1","Swansea",31,21,19,10,2,12
"799","W01000831","Penderry 2","Swansea",147,246,228,-99,18,-81
"800","W01000832","Penderry 3","Swansea",22,34,33,-12,1,-11
"801","W01000833","Penderry 4","Swansea",48,45,29,3,16,19
"802","W01000834","Penderry 5","Swansea",201,218,190,-17,28,11
"803","W01000835","Penderry 6","Swansea",157,142,253,15,-111,-96
"804","W01000836","Penderry 7","Swansea",279,150,90,129,60,189
"805","W01000837","Penllergaer 1","Swansea",1845,1786,1746,59,40,99
"806","W01000838","Penllergaer 2","Swansea",419,369,299,50,70,120
"807","W01000839","Pennard 1","Swansea",1781,1647,1688,134,-41,93
"808","W01000840","Pennard 2","Swansea",1898,1804,1827,94,-23,71
"809","W01000841","Penyrheol (Swansea) 1","Swansea",842,733,774,109,-41,68
"810","W01000842","Penyrheol (Swansea) 2","Swansea",1388,1028,1038,360,-10,350
"811","W01000843","Penyrheol (Swansea) 3","Swansea",1405,1361,1542,44,-181,-137
"812","W01000844","Penyrheol (Swansea) 4","Swansea",305,264,402,41,-138,-97
"813","W01000845","Pontardulais 1","Swansea",1653,1636,1499,17,137,154
"814","W01000846","Pontardulais 2","Swansea",820,740,749,80,-9,71
"815","W01000847","Pontardulais 3","Swansea",964,872,828,92,44,136
"816","W01000848","Pontardulais 4","Swansea",374,455,367,-81,88,7
"817","W01000849","St. Thomas 1","Swansea",269,176,180,93,-4,89
"818","W01000850","St. Thomas 2","Swansea",484,429,361,55,68,123
"819","W01000851","St. Thomas 3","Swansea",811,822,534,-11,288,277
"820","W01000852","St. Thomas 4","Swansea",749,718,796,31,-78,-47
"821","W01000853","Sketty 1","Swansea",1751,1831,1849,-80,-18,-98
"822","W01000854","Sketty 2","Swansea",1838,1657,1562,181,95,276
"823","W01000855","Sketty 3","Swansea",1788,1772,1698,16,74,90
"824","W01000856","Sketty 4","Swansea",382,295,244,87,51,138
"825","W01000857","Sketty 5","Swansea",905,1059,1135,-154,-76,-230
"826","W01000858","Sketty 6","Swansea",1784,1798,1760,-14,38,24
"827","W01000859","Sketty 7","Swansea",1729,1674,1681,55,-7,48
"828","W01000860","Sketty 8","Swansea",1881,1854,1784,27,70,97
"829","W01000861","Sketty 9","Swansea",1754,1656,1723,98,-67,31
"830","W01000862","Townhill 1","Swansea",18,29,6,-11,23,12
"831","W01000863","Townhill 2","Swansea",16,41,32,-25,9,-16
"832","W01000864","Townhill 3","Swansea",32,49,14,-17,35,18
"833","W01000865","Townhill 4","Swansea",362,516,433,-154,83,-71
"834","W01000866","Townhill 5","Swansea",41,64,87,-23,-23,-46
"835","W01000867","Townhill 6","Swansea",58,50,77,8,-27,-19
"836","W01000868","Uplands 1","Swansea",1783,1877,1838,-94,39,-55
"837","W01000869","Uplands 2","Swansea",868,875,922,-7,-47,-54
"838","W01000870","Uplands 3","Swansea",1541,1746,1727,-205,19,-186
"839","W01000871","Uplands 4","Swansea",774,908,626,-134,282,148
"840","W01000872","Uplands 5","Swansea",1790,1862,1878,-72,-16,-88
"841","W01000873","Uplands 6","Swansea",1298,1245,1396,53,-151,-98
"842","W01000874","Uplands 7","Swansea",1593,1699,1781,-106,-82,-188
"843","W01000875","Uplands 8","Swansea",1072,1168,1112,-96,56,-40
"844","W01000876","Uplands 9","Swansea",1346,1514,1628,-168,-114,-282
"845","W01000877","Upper Loughor 1","Swansea",1530,1442,1333,88,109,197
"846","W01000878","Upper Loughor 2","Swansea",1330,1199,1168,131,31,162
"847","W01000879","West Cross 1","Swansea",1893,1898,1821,-5,77,72
"848","W01000880","West Cross 2","Swansea",1750,1824,1844,-74,-20,-94
"849","W01000881","West Cross 3","Swansea",461,471,472,-10,-1,-11
"850","W01000882","West Cross 4","Swansea",591,730,777,-139,-47,-186
"851","W01000883","Aberavon 1","Neath Port Talbot",1407,1519,1473,-112,46,-66
"852","W01000884","Aberavon 2","Neath Port Talbot",122,166,164,-44,2,-42
"853","W01000885","Aberavon 3","Neath Port Talbot",129,145,101,-16,44,28
"854","W01000886","Aberavon 4","Neath Port Talbot",44,79,46,-35,33,-2
"855","W01000887","Aberdulais","Neath Port Talbot",735,858,858,-123,0,-123
"856","W01000888","Allt-wen","Neath Port Talbot",1227,1148,1044,79,104,183
"857","W01000889","Baglan 1","Neath Port Talbot",1133,1123,1127,10,-4,6
"858","W01000890","Baglan 2","Neath Port Talbot",1802,1773,1757,29,16,45
"859","W01000891","Baglan 3","Neath Port Talbot",783,704,522,79,182,261
"860","W01000892","Baglan 4","Neath Port Talbot",1456,1452,1286,4,166,170
"861","W01000893","Blaengwrach","Neath Port Talbot",559,618,654,-59,-36,-95
"862","W01000894","Briton Ferry East 1","Neath Port Talbot",708,864,1010,-156,-146,-302
"863","W01000895","Briton Ferry East 2","Neath Port Talbot",233,323,346,-90,-23,-113
"864","W01000896","Briton Ferry West 1","Neath Port Talbot",25,123,105,-98,18,-80
"865","W01000897","Briton Ferry West 2","Neath Port Talbot",263,518,645,-255,-127,-382
"866","W01000898","Bryn and Cwmavon 1","Neath Port Talbot",909,901,819,8,82,90
"867","W01000899","Bryn and Cwmavon 2","Neath Port Talbot",1568,1597,1498,-29,99,70
"868","W01000900","Bryn and Cwmavon 3","Neath Port Talbot",244,310,222,-66,88,22
"869","W01000901","Bryn and Cwmavon 4","Neath Port Talbot",628,663,542,-35,121,86
"870","W01000902","Bryn-coch North 1","Neath Port Talbot",1350,1443,1420,-93,23,-70
"871","W01000903","Bryn-coch North 2","Neath Port Talbot",1766,1760,1774,6,-14,-8
"872","W01000904","Bryn-coch South 1","Neath Port Talbot",1853,1876,1834,-23,42,19
"873","W01000905","Bryn-coch South 2","Neath Port Talbot",1336,1381,1177,-45,204,159
"874","W01000906","Bryn-coch South 3","Neath Port Talbot",1475,1624,1466,-149,158,9
"875","W01000907","Bryn-coch South 4","Neath Port Talbot",446,504,505,-58,-1,-59
"876","W01000908","Cadoxton","Neath Port Talbot",1567,1684,1722,-117,-38,-155
"877","W01000909","Cimla 1","Neath Port Talbot",809,781,775,28,6,34
"878","W01000910","Cimla 2","Neath Port Talbot",1549,1547,1554,2,-7,-5
"879","W01000911","Cimla 3","Neath Port Talbot",1630,1622,1640,8,-18,-10
"880","W01000912","Coedffranc Central 1","Neath Port Talbot",621,659,909,-38,-250,-288
"881","W01000913","Coedffranc Central 2","Neath Port Talbot",692,830,935,-138,-105,-243
"882","W01000914","Coedffranc Central 3","Neath Port Talbot",212,216,234,-4,-18,-22
"883","W01000915","Coedffranc North 1","Neath Port Talbot",930,1097,1159,-167,-62,-229
"884","W01000916","Coedffranc North 2","Neath Port Talbot",1099,1110,962,-11,148,137
"885","W01000917","Coedffranc West","Neath Port Talbot",1305,1344,1221,-39,123,84
"886","W01000918","Crynant","Neath Port Talbot",1206,1027,991,179,36,215
"887","W01000919","Cwmllynfell","Neath Port Talbot",807,993,716,-186,277,91
"888","W01000920","Cymmer (Neath Port Talbot) 1","Neath Port Talbot",398,372,446,26,-74,-48
"889","W01000921","Cymmer (Neath Port Talbot) 2","Neath Port Talbot",38,22,25,16,-3,13
"890","W01000922","Dyffryn 1","Neath Port Talbot",422,625,551,-203,74,-129
"891","W01000923","Dyffryn 2","Neath Port Talbot",1182,1396,1315,-214,81,-133
"892","W01000924","Glyncorrwg","Neath Port Talbot",338,284,168,54,116,170
"893","W01000925","Glynneath 1","Neath Port Talbot",331,387,268,-56,119,63
"894","W01000926","Glynneath 2","Neath Port Talbot",978,1011,1160,-33,-149,-182
"895","W01000927","Godre'r graig","Neath Port Talbot",773,745,642,28,103,131
"896","W01000928","Gwaun-Cae-Gurwen 1","Neath Port Talbot",662,525,497,137,28,165
"897","W01000929","Gwaun-Cae-Gurwen 2","Neath Port Talbot",411,355,475,56,-120,-64
"898","W01000930","Gwynfi","Neath Port Talbot",210,177,193,33,-16,17
"899","W01000931","Lower Brynamman","Neath Port Talbot",617,627,627,-10,0,-10
"900","W01000932","Margam 1","Neath Port Talbot",500,576,583,-76,-7,-83
"901","W01000933","Margam 2","Neath Port Talbot",1487,1433,1429,54,4,58
"902","W01000934","Neath East 1","Neath Port Talbot",82,122,167,-40,-45,-85
"903","W01000935","Neath East 2","Neath Port Talbot",109,148,141,-39,7,-32
"904","W01000936","Neath East 3","Neath Port Talbot",221,328,201,-107,127,20
"905","W01000937","Neath East 4","Neath Port Talbot",278,340,196,-62,144,82
"906","W01000938","Neath North 1","Neath Port Talbot",1416,1456,1465,-40,-9,-49
"907","W01000939","Neath North 2","Neath Port Talbot",49,112,92,-63,20,-43
"908","W01000940","Neath North 3","Neath Port Talbot",261,334,271,-73,63,-10
"909","W01000941","Neath South 1","Neath Port Talbot",328,437,364,-109,73,-36
"910","W01000942","Neath South 2","Neath Port Talbot",199,249,176,-50,73,23
"911","W01000943","Neath South 3","Neath Port Talbot",1711,1667,1765,44,-98,-54
"912","W01000944","Onllwyn","Neath Port Talbot",508,598,516,-90,82,-8
"913","W01000945","Pelenna","Neath Port Talbot",593,563,601,30,-38,-8
"914","W01000946","Pontardawe 1","Neath Port Talbot",744,877,725,-133,152,19
"915","W01000947","Pontardawe 2","Neath Port Talbot",589,747,447,-158,300,142
"916","W01000948","Pontardawe 3","Neath Port Talbot",761,741,846,20,-105,-85
"917","W01000949","Port Talbot 1","Neath Port Talbot",979,1032,1022,-53,10,-43
"918","W01000950","Port Talbot 2","Neath Port Talbot",609,674,617,-65,57,-8
"919","W01000951","Port Talbot 3","Neath Port Talbot",281,315,357,-34,-42,-76
"920","W01000952","Port Talbot 4","Neath Port Talbot",607,680,718,-73,-38,-111
"921","W01000953","Resolven 1","Neath Port Talbot",571,634,603,-63,31,-32
"922","W01000954","Resolven 2","Neath Port Talbot",1023,975,901,48,74,122
"923","W01000955","Rhos 1","Neath Port Talbot",1333,1342,1214,-9,128,119
"924","W01000956","Rhos 2","Neath Port Talbot",1646,1687,1623,-41,64,23
"925","W01000957","Sandfields East 1","Neath Port Talbot",132,278,219,-146,59,-87
"926","W01000958","Sandfields East 2","Neath Port Talbot",76,98,67,-22,31,9
"927","W01000959","Sandfields East 3","Neath Port Talbot",1092,977,960,115,17,132
"928","W01000960","Sandfields East 4","Neath Port Talbot",348,354,303,-6,51,45
"929","W01000961","Sandfields West 1","Neath Port Talbot",307,397,416,-90,-19,-109
"930","W01000962","Sandfields West 2","Neath Port Talbot",55,72,58,-17,14,-3
"931","W01000963","Sandfields West 3","Neath Port Talbot",124,133,124,-9,9,0
"932","W01000964","Sandfields West 4","Neath Port Talbot",115,212,135,-97,77,-20
"933","W01000965","Seven Sisters","Neath Port Talbot",522,519,500,3,19,22
"934","W01000966","Tai-bach 1","Neath Port Talbot",523,584,619,-61,-35,-96
"935","W01000967","Tai-bach 2","Neath Port Talbot",182,361,283,-179,78,-101
"936","W01000968","Tai-bach 3","Neath Port Talbot",751,582,622,169,-40,129
"937","W01000969","Tonna 1","Neath Port Talbot",1672,1614,1563,58,51,109
"938","W01000970","Tonna 2","Neath Port Talbot",722,590,661,132,-71,61
"939","W01000971","Trebanos","Neath Port Talbot",872,907,703,-35,204,169
"940","W01000973","Ystalyfera 2","Neath Port Talbot",372,446,318,-74,128,54
"941","W01000974","Aberkenfig","Bridgend",1174,1013,903,161,110,271
"942","W01000975","Bettws (Bridgend)","Bridgend",143,90,56,53,34,87
"943","W01000976","Blackmill 1","Bridgend",346,298,210,48,88,136
"944","W01000977","Blackmill 2","Bridgend",392,171,203,221,-32,189
"945","W01000978","Blaengarw","Bridgend",527,604,735,-77,-131,-208
"946","W01000979","Brackla 1","Bridgend",1332,1076,1262,256,-186,70
"947","W01000980","Brackla 2","Bridgend",934,656,624,278,32,310
"948","W01000981","Brackla 3","Bridgend",60,117,95,-57,22,-35
"949","W01000982","Brackla 4","Bridgend",1302,1289,1472,13,-183,-170
"950","W01000983","Brackla 5","Bridgend",1639,1559,1485,80,74,154
"951","W01000984","Brackla 6","Bridgend",1507,1259,1345,248,-86,162
"952","W01000985","Brackla 7","Bridgend",1785,1819,1789,-34,30,-4
"953","W01000986","Bryncethin","Bridgend",1135,1047,1062,88,-15,73
"954","W01000987","Bryncoch","Bridgend",581,407,350,174,57,231
"955","W01000989","Bryntirion Laleston and Merthyr Mawr 2","Bridgend",1683,1589,1541,94,48,142
"956","W01000990","Bryntirion Laleston and Merthyr Mawr 3","Bridgend",408,352,296,56,56,112
"957","W01000991","Caerau (Bridgend) 1","Bridgend",5,6,8,-1,-2,-3
"958","W01000992","Caerau (Bridgend) 2","Bridgend",46,44,38,2,6,8
"959","W01000993","Caerau (Bridgend) 3","Bridgend",194,179,162,15,17,32
"960","W01000994","Caerau (Bridgend) 4","Bridgend",232,293,215,-61,78,17
"961","W01000995","Caerau (Bridgend) 5","Bridgend",632,812,847,-180,-35,-215
"962","W01000996","Cefn Cribwr","Bridgend",816,748,646,68,102,170
"963","W01000997","Cefn Glas","Bridgend",1216,1264,1301,-48,-37,-85
"964","W01000998","Coity","Bridgend",1412,1581,1670,-169,-89,-258
"965","W01000999","Cornelly 1","Bridgend",518,433,326,85,107,192
"966","W01001000","Cornelly 2","Bridgend",1335,1009,723,326,286,612
"967","W01001001","Cornelly 3","Bridgend",723,687,740,36,-53,-17
"968","W01001002","Cornelly 4","Bridgend",272,189,73,83,116,199
"969","W01001003","Coychurch Lower","Bridgend",1459,1322,1386,137,-64,73
"970","W01001004","Felindre 1","Bridgend",555,466,450,89,16,105
"971","W01001005","Felindre 2","Bridgend",1504,1214,1289,290,-75,215
"972","W01001006","Hendre (Bridgend) 1","Bridgend",1709,1719,1732,-10,-13,-23
"973","W01001007","Hendre (Bridgend) 2","Bridgend",822,824,588,-2,236,234
"974","W01001008","Litchard","Bridgend",1728,1714,1707,14,7,21
"975","W01001009","Llangeinor","Bridgend",606,496,562,110,-66,44
"976","W01001010","Llangewydd and Brynhyfryd 1","Bridgend",489,533,844,-44,-311,-355
"977","W01001011","Llangewydd and Brynhyfryd 2","Bridgend",1428,1434,1320,-6,114,108
"978","W01001012","Llangynwyd 1","Bridgend",1367,1405,1467,-38,-62,-100
"979","W01001013","Llangynwyd 2","Bridgend",721,670,675,51,-5,46
"980","W01001014","Maesteg East 1","Bridgend",380,409,319,-29,90,61
"981","W01001015","Maesteg East 2","Bridgend",322,303,245,19,58,77
"982","W01001016","Maesteg East 3","Bridgend",988,828,900,160,-72,88
"983","W01001017","Maesteg West 1","Bridgend",1150,1158,1363,-8,-205,-213
"984","W01001018","Maesteg West 2","Bridgend",334,416,463,-82,-47,-129
"985","W01001019","Maesteg West 3","Bridgend",287,254,280,33,-26,7
"986","W01001020","Maesteg West 4","Bridgend",427,319,339,108,-20,88
"987","W01001021","Morfa 1","Bridgend",397,401,325,-4,76,72
"988","W01001022","Morfa 2","Bridgend",118,136,140,-18,-4,-22
"989","W01001023","Morfa 3","Bridgend",299,342,306,-43,36,-7
"990","W01001024","Nant-y-moel 1","Bridgend",336,347,460,-11,-113,-124
"991","W01001025","Nant-y-moel 2","Bridgend",655,542,706,113,-164,-51
"992","W01001026","Newcastle 1","Bridgend",517,440,363,77,77,154
"993","W01001027","Newcastle 2","Bridgend",1354,1371,1469,-17,-98,-115
"994","W01001028","Newcastle 3","Bridgend",1226,1221,1364,5,-143,-138
"995","W01001029","Newton (Bridgend) 1","Bridgend",1603,1536,1419,67,117,184
"996","W01001030","Newton (Bridgend) 2","Bridgend",1433,1408,1282,25,126,151
"997","W01001031","Nottage 1","Bridgend",1767,1710,1609,57,101,158
"998","W01001032","Nottage 2","Bridgend",1669,1659,1497,10,162,172
"999","W01001033","Ogmore Vale 1","Bridgend",912,833,941,79,-108,-29
"1000","W01001034","Ogmore Vale 2","Bridgend",401,485,469,-84,16,-68
"1001","W01001035","Oldcastle 1","Bridgend",326,287,288,39,-1,38
"1002","W01001036","Oldcastle 2","Bridgend",1734,1783,1846,-49,-63,-112
"1003","W01001037","Oldcastle 3","Bridgend",1635,1646,1543,-11,103,92
"1004","W01001038","Pendre","Bridgend",924,839,1120,85,-281,-196
"1005","W01001039","Penprysg 1","Bridgend",1439,1077,1232,362,-155,207
"1006","W01001040","Penprysg 2","Bridgend",1312,1306,1210,6,96,102
"1007","W01001041","Pen-y-fai","Bridgend",1721,1658,1613,63,45,108
"1008","W01001042","Pontycymmer 1","Bridgend",526,551,611,-25,-60,-85
"1009","W01001043","Pontycymmer 2","Bridgend",406,425,604,-19,-179,-198
"1010","W01001044","Porthcawl East Central 1","Bridgend",671,484,521,187,-37,150
"1011","W01001045","Porthcawl East Central 2","Bridgend",510,567,560,-57,7,-50
"1012","W01001046","Porthcawl West Central 1","Bridgend",524,580,548,-56,32,-24
"1013","W01001047","Porthcawl West Central 2","Bridgend",1364,1504,1402,-140,102,-38
"1014","W01001048","Pyle 1","Bridgend",1529,1297,1570,232,-273,-41
"1015","W01001049","Pyle 2","Bridgend",267,248,175,19,73,92
"1016","W01001050","Pyle 3","Bridgend",479,574,564,-95,10,-85
"1017","W01001051","Pyle 4","Bridgend",771,565,702,206,-137,69
"1018","W01001052","Pyle 5","Bridgend",466,465,485,1,-20,-19
"1019","W01001053","Rest Bay 1","Bridgend",1706,1713,1634,-7,79,72
"1020","W01001054","Rest Bay 2","Bridgend",1779,1706,1716,73,-10,63
"1021","W01001055","Sarn 1","Bridgend",188,141,172,47,-31,16
"1022","W01001056","Sarn 2","Bridgend",949,844,629,105,215,320
"1023","W01001057","Ynysawdre 1","Bridgend",431,225,251,206,-26,180
"1024","W01001058","Ynysawdre 2","Bridgend",1381,1062,957,319,105,424
"1025","W01001059","Baruc 1","Vale of Glamorgan",1642,1551,1573,91,-22,69
"1026","W01001060","Baruc 2","Vale of Glamorgan",1844,1763,1818,81,-55,26
"1027","W01001061","Baruc 3","Vale of Glamorgan",801,653,687,148,-34,114
"1028","W01001062","Baruc 4","Vale of Glamorgan",1419,1206,1264,213,-58,155
"1029","W01001063","Buttrills 1","Vale of Glamorgan",690,764,732,-74,32,-42
"1030","W01001064","Buttrills 2","Vale of Glamorgan",186,198,290,-12,-92,-104
"1031","W01001065","Buttrills 3","Vale of Glamorgan",814,760,884,54,-124,-70
"1032","W01001066","Buttrills 4","Vale of Glamorgan",733,546,785,187,-239,-52
"1033","W01001067","Cadoc 1","Vale of Glamorgan",195,236,186,-41,50,9
"1034","W01001068","Cadoc 2","Vale of Glamorgan",925,782,712,143,70,213
"1035","W01001069","Cadoc 3","Vale of Glamorgan",265,321,365,-56,-44,-100
"1036","W01001070","Cadoc 4","Vale of Glamorgan",266,178,114,88,64,152
"1037","W01001071","Cadoc 5","Vale of Glamorgan",548,575,526,-27,49,22
"1038","W01001072","Cadoc 6","Vale of Glamorgan",1770,1697,1510,73,187,260
"1039","W01001073","Castleland 1","Vale of Glamorgan",216,181,187,35,-6,29
"1040","W01001075","Cornerswell 1","Vale of Glamorgan",1759,1771,1770,-12,1,-11
"1041","W01001076","Cornerswell 2","Vale of Glamorgan",1189,1050,923,139,127,266
"1042","W01001077","Cornerswell 3","Vale of Glamorgan",1202,1278,1237,-76,41,-35
"1043","W01001078","Cornerswell 4","Vale of Glamorgan",1671,1724,1751,-53,-27,-80
"1044","W01001079","Court 1","Vale of Glamorgan",388,359,442,29,-83,-54
"1045","W01001080","Court 2","Vale of Glamorgan",442,454,405,-12,49,37
"1046","W01001081","Court 3","Vale of Glamorgan",142,169,145,-27,24,-3
"1047","W01001082","Cowbridge 1","Vale of Glamorgan",1768,1649,1790,119,-141,-22
"1048","W01001083","Cowbridge 2","Vale of Glamorgan",1726,1770,1835,-44,-65,-109
"1049","W01001084","Cowbridge 3","Vale of Glamorgan",1786,1727,1772,59,-45,14
"1050","W01001085","Cowbridge 4","Vale of Glamorgan",1708,1704,1750,4,-46,-42
"1051","W01001086","Dinas Powys 1","Vale of Glamorgan",1832,1881,1701,-49,180,131
"1052","W01001087","Dinas Powys 2","Vale of Glamorgan",1735,1792,1771,-57,21,-36
"1053","W01001088","Dinas Powys 3","Vale of Glamorgan",874,887,1034,-13,-147,-160
"1054","W01001089","Dinas Powys 4","Vale of Glamorgan",1724,1691,1673,33,18,51
"1055","W01001090","Dinas Powys 5","Vale of Glamorgan",1695,1799,1597,-104,202,98
"1056","W01001091","Dyfan 1","Vale of Glamorgan",1740,1811,1712,-71,99,28
"1057","W01001092","Dyfan 2","Vale of Glamorgan",878,727,839,151,-112,39
"1058","W01001093","Dyfan 3","Vale of Glamorgan",476,497,477,-21,20,-1
"1059","W01001094","Gibbonsdown 1","Vale of Glamorgan",291,312,337,-21,-25,-46
"1060","W01001095","Gibbonsdown 2","Vale of Glamorgan",105,83,91,22,-8,14
"1061","W01001096","Gibbonsdown 3","Vale of Glamorgan",785,823,788,-38,35,-3
"1062","W01001097","Gibbonsdown 4","Vale of Glamorgan",253,235,308,18,-73,-55
"1063","W01001098","Illtyd 1","Vale of Glamorgan",1799,1818,1769,-19,49,30
"1064","W01001099","Illtyd 2","Vale of Glamorgan",699,809,861,-110,-52,-162
"1065","W01001100","Illtyd 3","Vale of Glamorgan",1795,1866,1855,-71,11,-60
"1066","W01001101","Illtyd 4","Vale of Glamorgan",803,880,605,-77,275,198
"1067","W01001102","Illtyd 5","Vale of Glamorgan",1151,929,823,222,106,328
"1068","W01001103","Illtyd 6","Vale of Glamorgan",1863,1872,1762,-9,110,101
"1069","W01001104","Llandough","Vale of Glamorgan",1543,1553,1629,-10,-76,-86
"1070","W01001105","Llandow/Ewenny","Vale of Glamorgan",1575,1630,1657,-55,-27,-82
"1071","W01001106","Llantwit Major 1","Vale of Glamorgan",1822,1846,1829,-24,17,-7
"1072","W01001107","Llantwit Major 2","Vale of Glamorgan",1655,1599,1720,56,-121,-65
"1073","W01001108","Llantwit Major 3","Vale of Glamorgan",1429,1298,1441,131,-143,-12
"1074","W01001109","Llantwit Major 4","Vale of Glamorgan",1363,1315,1477,48,-162,-114
"1075","W01001110","Llantwit Major 5","Vale of Glamorgan",1686,1676,1802,10,-126,-116
"1076","W01001111","Llantwit Major 6","Vale of Glamorgan",815,737,709,78,28,106
"1077","W01001112","Llantwit Major 7","Vale of Glamorgan",1873,1815,1841,58,-26,32
"1078","W01001113","Peterston-super-Ely","Vale of Glamorgan",1600,1672,1654,-72,18,-54
"1079","W01001114","Plymouth (The Vale of Glamorgan) 1","Vale of Glamorgan",1899,1856,1860,43,-4,39
"1080","W01001115","Plymouth (The Vale of Glamorgan) 2","Vale of Glamorgan",1715,1635,1530,80,105,185
"1081","W01001116","Plymouth (The Vale of Glamorgan) 3","Vale of Glamorgan",1857,1803,1775,54,28,82
"1082","W01001117","Rhoose 1","Vale of Glamorgan",1553,1385,1344,168,41,209
"1083","W01001118","Rhoose 2","Vale of Glamorgan",1493,1313,1349,180,-36,144
"1084","W01001119","Rhoose 3","Vale of Glamorgan",1503,1650,1665,-147,-15,-162
"1085","W01001120","Rhoose 4","Vale of Glamorgan",1787,1736,1826,51,-90,-39
"1086","W01001121","St. Athan 1","Vale of Glamorgan",863,676,771,187,-95,92
"1087","W01001122","St. Athan 2","Vale of Glamorgan",1569,1403,1361,166,42,208
"1088","W01001123","St. Augustine's 1","Vale of Glamorgan",1684,1669,1503,15,166,181
"1089","W01001124","St. Augustine's 2","Vale of Glamorgan",1420,1507,1328,-87,179,92
"1090","W01001125","St. Augustine's 3","Vale of Glamorgan",1643,1477,1368,166,109,275
"1091","W01001126","St. Augustine's 4","Vale of Glamorgan",1571,1544,1463,27,81,108
"1092","W01001127","St. Bride's Major 1","Vale of Glamorgan",1650,1623,1655,27,-32,-5
"1093","W01001128","St. Bride's Major 2","Vale of Glamorgan",1705,1595,1630,110,-35,75
"1094","W01001129","Stanwell 1","Vale of Glamorgan",993,982,982,11,0,11
"1095","W01001130","Stanwell 2","Vale of Glamorgan",1843,1867,1868,-24,-1,-25
"1096","W01001131","Stanwell 3","Vale of Glamorgan",850,777,681,73,96,169
"1097","W01001132","Sully 1","Vale of Glamorgan",1835,1655,1614,180,41,221
"1098","W01001133","Sully 2","Vale of Glamorgan",1868,1660,1625,208,35,243
"1099","W01001134","Sully 3","Vale of Glamorgan",1727,1645,1633,82,12,94
"1100","W01001135","Wenvoe 1","Vale of Glamorgan",1644,1664,1667,-20,-3,-23
"1101","W01001136","Wenvoe 2","Vale of Glamorgan",1692,1689,1755,3,-66,-63
"1102","W01001137","Aberaman North 1","Rhondda Cynon Taf",444,472,327,-28,145,117
"1103","W01001138","Aberaman North 2","Rhondda Cynon Taf",243,322,440,-79,-118,-197
"1104","W01001139","Aberaman North 3","Rhondda Cynon Taf",841,683,587,158,96,254
"1105","W01001140","Aberaman South 1","Rhondda Cynon Taf",413,398,356,15,42,57
"1106","W01001141","Aberaman South 2","Rhondda Cynon Taf",288,253,191,35,62,97
"1107","W01001142","Aberaman South 3","Rhondda Cynon Taf",245,208,144,37,64,101
"1108","W01001143","Abercynon 1","Rhondda Cynon Taf",992,900,873,92,27,119
"1109","W01001144","Abercynon 2","Rhondda Cynon Taf",33,37,30,-4,7,3
"1110","W01001145","Abercynon 3","Rhondda Cynon Taf",506,463,309,43,154,197
"1111","W01001146","Abercynon 4","Rhondda Cynon Taf",1069,1178,1072,-109,106,-3
"1112","W01001147","Aberdare East 1","Rhondda Cynon Taf",923,1025,1133,-102,-108,-210
"1113","W01001148","Aberdare East 2","Rhondda Cynon Taf",586,686,672,-100,14,-86
"1114","W01001149","Aberdare East 3","Rhondda Cynon Taf",736,717,864,19,-147,-128
"1115","W01001150","Aberdare East 4","Rhondda Cynon Taf",273,272,249,1,23,24
"1116","W01001151","Aberdare West/Llwydcoed 1","Rhondda Cynon Taf",1366,1310,1215,56,95,151
"1117","W01001152","Aberdare West/Llwydcoed 2","Rhondda Cynon Taf",1166,706,786,460,-80,380
"1118","W01001153","Aberdare West/Llwydcoed 3","Rhondda Cynon Taf",432,520,549,-88,-29,-117
"1119","W01001154","Aberdare West/Llwydcoed 4","Rhondda Cynon Taf",451,430,535,21,-105,-84
"1120","W01001155","Aberdare West/Llwydcoed 5","Rhondda Cynon Taf",576,757,657,-181,100,-81
"1121","W01001156","Aberdare West/Llwydcoed 6","Rhondda Cynon Taf",1886,1791,1839,95,-48,47
"1122","W01001157","Beddau 1","Rhondda Cynon Taf",1460,1291,1342,169,-51,118
"1123","W01001158","Beddau 2","Rhondda Cynon Taf",658,648,691,10,-43,-33
"1124","W01001159","Beddau 3","Rhondda Cynon Taf",1753,1695,1697,58,-2,56
"1125","W01001160","Brynna 1","Rhondda Cynon Taf",1602,1586,1438,16,148,164
"1126","W01001161","Brynna 2","Rhondda Cynon Taf",1371,936,817,435,119,554
"1127","W01001162","Church Village 1","Rhondda Cynon Taf",501,338,292,163,46,209
"1128","W01001164","Cilfynydd 1","Rhondda Cynon Taf",813,789,734,24,55,79
"1129","W01001165","Cilfynydd 2","Rhondda Cynon Taf",737,775,887,-38,-112,-150
"1130","W01001166","Cwm Clydach 1","Rhondda Cynon Taf",191,184,181,7,3,10
"1131","W01001167","Cwm Clydach 2","Rhondda Cynon Taf",551,459,480,92,-21,71
"1132","W01001168","Cwmbach 1","Rhondda Cynon Taf",695,667,673,28,-6,22
"1133","W01001169","Cwmbach 2","Rhondda Cynon Taf",220,81,69,139,12,151
"1134","W01001170","Cwmbach 3","Rhondda Cynon Taf",1537,1612,1528,-75,84,9
"1135","W01001171","Cymmer (Rhondda Cynon Taf) 1","Rhondda Cynon Taf",742,571,859,171,-288,-117
"1136","W01001172","Cymmer (Rhondda Cynon Taf) 2","Rhondda Cynon Taf",853,792,831,61,-39,22
"1137","W01001173","Cymmer (Rhondda Cynon Taf) 3","Rhondda Cynon Taf",96,94,86,2,8,10
"1138","W01001174","Cymmer (Rhondda Cynon Taf) 4","Rhondda Cynon Taf",83,71,70,12,1,13
"1139","W01001175","Ferndale 1","Rhondda Cynon Taf",680,697,698,-17,-1,-18
"1140","W01001176","Ferndale 2","Rhondda Cynon Taf",652,540,665,112,-125,-13
"1141","W01001177","Ferndale 3","Rhondda Cynon Taf",471,393,428,78,-35,43
"1142","W01001178","Gilfach Goch 1","Rhondda Cynon Taf",823,586,448,237,138,375
"1143","W01001179","Gilfach Goch 2","Rhondda Cynon Taf",175,75,98,100,-23,77
"1144","W01001180","Glyncoch 1","Rhondda Cynon Taf",51,28,39,23,-11,12
"1145","W01001181","Glyncoch 2","Rhondda Cynon Taf",463,460,376,3,84,87
"1146","W01001182","Graig (Rhondda Cynon Taf) 1","Rhondda Cynon Taf",642,612,609,30,3,33
"1147","W01001183","Graig (Rhondda Cynon Taf) 2","Rhondda Cynon Taf",268,385,476,-117,-91,-208
"1148","W01001184","Hawthorn 1","Rhondda Cynon Taf",1130,981,845,149,136,285
"1149","W01001185","Hawthorn 2","Rhondda Cynon Taf",390,396,358,-6,38,32
"1150","W01001186","Hirwaun 1","Rhondda Cynon Taf",996,889,981,107,-92,15
"1151","W01001187","Hirwaun 2","Rhondda Cynon Taf",691,776,876,-85,-100,-185
"1152","W01001188","Hirwaun 3","Rhondda Cynon Taf",176,180,152,-4,28,24
"1153","W01001189","Llanharan 1","Rhondda Cynon Taf",657,611,555,46,56,102
"1154","W01001190","Llanharan 2","Rhondda Cynon Taf",1609,1473,1381,136,92,228
"1155","W01001191","Llanharry 1","Rhondda Cynon Taf",1649,1532,1362,117,170,287
"1156","W01001192","Llanharry 2","Rhondda Cynon Taf",257,210,291,47,-81,-34
"1157","W01001193","Llantrisant Town 1","Rhondda Cynon Taf",1744,1768,1804,-24,-36,-60
"1158","W01001194","Llantrisant Town 2","Rhondda Cynon Taf",1812,1821,1761,-9,60,51
"1159","W01001195","Llantrisant Town 3","Rhondda Cynon Taf",1139,990,1108,149,-118,31
"1160","W01001196","Llantwit Fardre 1","Rhondda Cynon Taf",1736,1641,1648,95,-7,88
"1161","W01001197","Llantwit Fardre 2","Rhondda Cynon Taf",1879,1789,1645,90,144,234
"1162","W01001198","Llantwit Fardre 3","Rhondda Cynon Taf",1712,1600,1534,112,66,178
"1163","W01001199","Llantwit Fardre 4","Rhondda Cynon Taf",1670,1535,1478,135,57,192
"1164","W01001200","Llwyn-y-pia 1","Rhondda Cynon Taf",534,431,300,103,131,234
"1165","W01001201","Llwyn-y-pia 2","Rhondda Cynon Taf",159,161,147,-2,14,12
"1166","W01001202","Maerdy 1","Rhondda Cynon Taf",120,97,107,23,-10,13
"1167","W01001203","Maerdy 2","Rhondda Cynon Taf",52,60,31,-8,29,21
"1168","W01001204","Mountain Ash East 1","Rhondda Cynon Taf",1015,1038,898,-23,140,117
"1169","W01001205","Mountain Ash East 2","Rhondda Cynon Taf",468,559,414,-91,145,54
"1170","W01001206","Mountain Ash West 1","Rhondda Cynon Taf",474,366,344,108,22,130
"1171","W01001207","Mountain Ash West 2","Rhondda Cynon Taf",136,96,108,40,-12,28
"1172","W01001208","Mountain Ash West 3","Rhondda Cynon Taf",359,421,382,-62,39,-23
"1173","W01001209","Penrhiwceiber 1","Rhondda Cynon Taf",6,15,5,-9,10,1
"1174","W01001210","Penrhiwceiber 2","Rhondda Cynon Taf",275,258,205,17,53,70
"1175","W01001211","Penrhiwceiber 3","Rhondda Cynon Taf",429,456,432,-27,24,-3
"1176","W01001212","Penrhiwceiber 4","Rhondda Cynon Taf",356,297,225,59,72,131
"1177","W01001213","Pentre 1","Rhondda Cynon Taf",579,804,888,-225,-84,-309
"1178","W01001214","Pentre 2","Rhondda Cynon Taf",1451,1424,1601,27,-177,-150
"1179","W01001215","Pentre 3","Rhondda Cynon Taf",141,204,230,-63,-26,-89
"1180","W01001216","Pentre 4","Rhondda Cynon Taf",493,523,387,-30,136,106
"1181","W01001217","Pen-y-graig 1","Rhondda Cynon Taf",262,270,247,-8,23,15
"1182","W01001218","Pen-y-graig 2","Rhondda Cynon Taf",698,638,457,60,181,241
"1183","W01001219","Pen-y-graig 3","Rhondda Cynon Taf",110,109,121,1,-12,-11
"1184","W01001220","Pen-y-graig 4","Rhondda Cynon Taf",730,620,455,110,165,275
"1185","W01001221","Pen-y-waun 1","Rhondda Cynon Taf",101,92,157,9,-65,-56
"1186","W01001222","Pen-y-waun 2","Rhondda Cynon Taf",15,9,15,6,-6,0
"1187","W01001223","Pont-y-clun 1","Rhondda Cynon Taf",1755,1750,1747,5,3,8
"1188","W01001224","Pont-y-clun 2","Rhondda Cynon Taf",1904,1844,1740,60,104,164
"1189","W01001225","Pont-y-clun 3","Rhondda Cynon Taf",1884,1785,1726,99,59,158
"1190","W01001226","Pont-y-clun 4","Rhondda Cynon Taf",1171,1024,950,147,74,221
"1191","W01001227","Pontypridd Town 1","Rhondda Cynon Taf",1485,1605,1644,-120,-39,-159
"1192","W01001228","Pontypridd Town 2","Rhondda Cynon Taf",994,1202,1356,-208,-154,-362
"1193","W01001229","Porth 1","Rhondda Cynon Taf",752,794,835,-42,-41,-83
"1194","W01001230","Porth 2","Rhondda Cynon Taf",1280,1166,1172,114,-6,108
"1195","W01001231","Porth 3","Rhondda Cynon Taf",415,482,512,-67,-30,-97
"1196","W01001232","Porth 4","Rhondda Cynon Taf",539,374,307,165,67,232
"1197","W01001233","Rhigos","Rhondda Cynon Taf",707,696,753,11,-57,-46
"1198","W01001234","Rhondda 1","Rhondda Cynon Taf",709,746,795,-37,-49,-86
"1199","W01001235","Rhondda 2","Rhondda Cynon Taf",480,593,544,-113,49,-64
"1200","W01001236","Rhondda 3","Rhondda Cynon Taf",1297,1063,1351,234,-288,-54
"1201","W01001237","Rhydfelen Central / Llan 1","Rhondda Cynon Taf",209,250,430,-41,-180,-221
"1202","W01001238","Rhydfelen Central / Llan 2","Rhondda Cynon Taf",26,17,47,9,-30,-21
"1203","W01001239","Rhydfelen Central / Llan 3","Rhondda Cynon Taf",145,185,267,-40,-82,-122
"1204","W01001240","Taffs Well 1","Rhondda Cynon Taf",1308,1117,1272,191,-155,36
"1205","W01001241","Taffs Well 2","Rhondda Cynon Taf",1129,1046,990,83,56,139
"1206","W01001242","Talbot Green 1","Rhondda Cynon Taf",1497,1469,1560,28,-91,-63
"1207","W01001243","Talbot Green 2","Rhondda Cynon Taf",438,373,372,65,1,66
"1208","W01001244","Ton-teg 1","Rhondda Cynon Taf",1518,1362,1569,156,-207,-51
"1209","W01001245","Ton-teg 2","Rhondda Cynon Taf",1651,1723,1768,-72,-45,-117
"1210","W01001246","Ton-teg 3","Rhondda Cynon Taf",1193,1233,1348,-40,-115,-155
"1211","W01001247","Tonypandy 1","Rhondda Cynon Taf",481,512,481,-31,31,0
"1212","W01001248","Tonypandy 2","Rhondda Cynon Taf",611,749,614,-138,135,-3
"1213","W01001249","Tonyrefail East 1","Rhondda Cynon Taf",637,436,467,201,-31,170
"1214","W01001250","Tonyrefail East 2","Rhondda Cynon Taf",805,715,539,90,176,266
"1215","W01001251","Tonyrefail East 3","Rhondda Cynon Taf",87,66,66,21,0,21
"1216","W01001252","Tonyrefail East 4","Rhondda Cynon Taf",1641,1386,1206,255,180,435
"1217","W01001253","Tonyrefail West 1","Rhondda Cynon Taf",577,280,285,297,-5,292
"1218","W01001255","Tonyrefail West 3","Rhondda Cynon Taf",185,192,183,-7,9,2
"1219","W01001256","Trallwng 1","Rhondda Cynon Taf",682,768,787,-86,-19,-105
"1220","W01001257","Trallwng 2","Rhondda Cynon Taf",1423,1203,1140,220,63,283
"1221","W01001258","Trallwng 3","Rhondda Cynon Taf",541,711,780,-170,-69,-239
"1222","W01001259","Trealaw 1","Rhondda Cynon Taf",554,643,659,-89,-16,-105
"1223","W01001260","Trealaw 2","Rhondda Cynon Taf",100,106,81,-6,25,19
"1224","W01001261","Trealaw 3","Rhondda Cynon Taf",306,438,240,-132,198,66
"1225","W01001262","Treforest 1","Rhondda Cynon Taf",604,690,812,-86,-122,-208
"1226","W01001263","Treforest 2","Rhondda Cynon Taf",839,1099,711,-260,388,128
"1227","W01001264","Treforest 3","Rhondda Cynon Taf",937,1305,1505,-368,-200,-568
"1228","W01001265","Treherbert 1","Rhondda Cynon Taf",487,499,322,-12,177,165
"1229","W01001266","Treherbert 2","Rhondda Cynon Taf",114,164,129,-50,35,-15
"1230","W01001267","Treherbert 3","Rhondda Cynon Taf",248,153,174,95,-21,74
"1231","W01001268","Treherbert 4","Rhondda Cynon Taf",286,414,464,-128,-50,-178
"1232","W01001269","Treorchy 1","Rhondda Cynon Taf",869,952,1000,-83,-48,-131
"1233","W01001270","Treorchy 2","Rhondda Cynon Taf",745,600,620,145,-20,125
"1234","W01001271","Treorchy 3","Rhondda Cynon Taf",410,367,369,43,-2,41
"1235","W01001272","Treorchy 4","Rhondda Cynon Taf",560,608,602,-48,6,-42
"1236","W01001273","Treorchy 5","Rhondda Cynon Taf",860,860,980,0,-120,-120
"1237","W01001274","Tylorstown 1","Rhondda Cynon Taf",4,5,10,-1,-5,-6
"1238","W01001275","Tylorstown 2","Rhondda Cynon Taf",198,214,237,-16,-23,-39
"1239","W01001276","Tylorstown 3","Rhondda Cynon Taf",107,131,97,-24,34,10
"1240","W01001277","Tyn-y-nant 1","Rhondda Cynon Taf",1625,1608,1527,17,81,98
"1241","W01001278","Tyn-y-nant 2","Rhondda Cynon Taf",668,548,530,120,18,138
"1242","W01001279","Tyn-y-nant 3","Rhondda Cynon Taf",149,137,199,12,-62,-50
"1243","W01001280","Ynyshir 1","Rhondda Cynon Taf",121,127,72,-6,55,49
"1244","W01001281","Ynyshir 2","Rhondda Cynon Taf",791,691,577,100,114,214
"1245","W01001282","Ynysybwl 1","Rhondda Cynon Taf",344,252,347,92,-95,-3
"1246","W01001283","Ynysybwl 2","Rhondda Cynon Taf",705,750,840,-45,-90,-135
"1247","W01001284","Ynysybwl 3","Rhondda Cynon Taf",1620,1679,1692,-59,-13,-72
"1248","W01001285","Ystrad 1","Rhondda Cynon Taf",639,553,474,86,79,165
"1249","W01001286","Ystrad 2","Rhondda Cynon Taf",598,547,568,51,-21,30
"1250","W01001287","Ystrad 3","Rhondda Cynon Taf",403,391,380,12,11,23
"1251","W01001288","Ystrad 4","Rhondda Cynon Taf",131,215,166,-84,49,-35
"1252","W01001289","Bedlinog 1","Merthyr Tydfil",483,424,418,59,6,65
"1253","W01001290","Bedlinog 2","Merthyr Tydfil",601,417,323,184,94,278
"1254","W01001291","Cyfarthfa 1","Merthyr Tydfil",1080,851,674,229,177,406
"1255","W01001292","Cyfarthfa 2","Merthyr Tydfil",65,30,21,35,9,44
"1256","W01001293","Cyfarthfa 3","Merthyr Tydfil",567,477,366,90,111,201
"1257","W01001294","Cyfarthfa 4","Merthyr Tydfil",1746,1611,1579,135,32,167
"1258","W01001295","Dowlais 1","Merthyr Tydfil",127,160,137,-33,23,-10
"1259","W01001296","Dowlais 2","Merthyr Tydfil",935,867,729,68,138,206
"1260","W01001297","Dowlais 3","Merthyr Tydfil",629,581,595,48,-14,34
"1261","W01001298","Dowlais 4","Merthyr Tydfil",352,305,207,47,98,145
"1262","W01001299","Gurnos 1","Merthyr Tydfil",56,32,22,24,10,34
"1263","W01001300","Gurnos 2","Merthyr Tydfil",106,61,13,45,48,93
"1264","W01001301","Gurnos 3","Merthyr Tydfil",164,121,53,43,68,111
"1265","W01001302","Merthyr Vale 1","Merthyr Tydfil",385,405,217,-20,188,168
"1266","W01001303","Merthyr Vale 2","Merthyr Tydfil",34,8,17,26,-9,17
"1267","W01001304","Merthyr Vale 3","Merthyr Tydfil",967,922,643,45,279,324
"1268","W01001305","Park 1","Merthyr Tydfil",731,973,1085,-242,-112,-354
"1269","W01001306","Park 2","Merthyr Tydfil",1128,1401,1258,-273,143,-130
"1270","W01001307","Park 3","Merthyr Tydfil",153,175,165,-22,10,-12
"1271","W01001308","Penydarren 1","Merthyr Tydfil",7,14,4,-7,10,3
"1272","W01001309","Penydarren 2","Merthyr Tydfil",258,203,109,55,94,149
"1273","W01001310","Penydarren 3","Merthyr Tydfil",1012,948,987,64,-39,25
"1274","W01001311","Penydarren 4","Merthyr Tydfil",688,495,435,193,60,253
"1275","W01001312","Plymouth (Merthyr Tydfil) 1","Merthyr Tydfil",428,439,437,-11,2,-9
"1276","W01001313","Plymouth (Merthyr Tydfil) 2","Merthyr Tydfil",596,545,523,51,22,73
"1277","W01001314","Plymouth (Merthyr Tydfil) 3","Merthyr Tydfil",706,722,615,-16,107,91
"1278","W01001315","Town 1","Merthyr Tydfil",337,335,242,2,93,95
"1279","W01001316","Town 2","Merthyr Tydfil",1343,1283,1129,60,154,214
"1280","W01001317","Town 3","Merthyr Tydfil",457,408,395,49,13,62
"1281","W01001318","Town 4","Merthyr Tydfil",948,1055,1047,-107,8,-99
"1282","W01001319","Treharris 1","Merthyr Tydfil",1662,1596,1516,66,80,146
"1283","W01001320","Treharris 2","Merthyr Tydfil",777,779,779,-2,0,-2
"1284","W01001321","Treharris 3","Merthyr Tydfil",585,448,324,137,124,261
"1285","W01001322","Treharris 4","Merthyr Tydfil",552,452,340,100,112,212
"1286","W01001324","Vaynor 2","Merthyr Tydfil",1051,1081,972,-30,109,79
"1287","W01001325","Aberbargoed 1","Caerphilly",349,219,169,130,50,180
"1288","W01001326","Aberbargoed 2","Caerphilly",177,190,151,-13,39,26
"1289","W01001327","Abercarn 1","Caerphilly",1032,1114,1009,-82,105,23
"1290","W01001328","Abercarn 2","Caerphilly",718,815,641,-97,174,77
"1291","W01001329","Abercarn 3","Caerphilly",720,692,705,28,-13,15
"1292","W01001330","Aber Valley 1","Caerphilly",713,713,608,0,105,105
"1293","W01001331","Aber Valley 2","Caerphilly",633,521,406,112,115,227
"1294","W01001332","Aber Valley 3","Caerphilly",340,341,281,-1,60,59
"1295","W01001333","Aber Valley 4","Caerphilly",358,371,343,-13,28,15
"1296","W01001334","Argoed (Caerphilly) 1","Caerphilly",213,188,188,25,0,25
"1297","W01001335","Argoed (Caerphilly) 2","Caerphilly",710,558,565,152,-7,145
"1298","W01001336","Bargoed 1","Caerphilly",538,527,453,11,74,85
"1299","W01001337","Bargoed 2","Caerphilly",704,681,744,23,-63,-40
"1300","W01001338","Bargoed 3","Caerphilly",456,562,411,-106,151,45
"1301","W01001339","Bargoed 4","Caerphilly",29,23,18,6,5,11
"1302","W01001340","Bedwas Trethomas and Machen 1","Caerphilly",1652,1728,1603,-76,125,49
"1303","W01001341","Bedwas Trethomas and Machen 2","Caerphilly",293,260,208,33,52,85
"1304","W01001342","Bedwas Trethomas and Machen 3","Caerphilly",1665,1643,1594,22,49,71
"1305","W01001343","Bedwas Trethomas and Machen 4","Caerphilly",1638,1570,1538,68,32,100
"1306","W01001344","Bedwas Trethomas and Machen 5","Caerphilly",1054,997,916,57,81,138
"1307","W01001345","Bedwas Trethomas and Machen 6","Caerphilly",43,25,35,18,-10,8
"1308","W01001346","Bedwas Trethomas and Machen 7","Caerphilly",826,868,1028,-42,-160,-202
"1309","W01001347","Blackwood 1","Caerphilly",1009,940,1134,69,-194,-125
"1310","W01001348","Blackwood 2","Caerphilly",394,324,314,70,10,80
"1311","W01001349","Blackwood 3","Caerphilly",1731,1618,1476,113,142,255
"1312","W01001350","Blackwood 4","Caerphilly",945,836,814,109,22,131
"1313","W01001351","Blackwood 5","Caerphilly",1682,1693,1566,-11,127,116
"1314","W01001352","Cefn Fforest 1","Caerphilly",367,333,311,34,22,56
"1315","W01001353","Cefn Fforest 2","Caerphilly",420,462,653,-42,-191,-233
"1316","W01001354","Crosskeys 1","Caerphilly",1275,1219,1083,56,136,192
"1317","W01001355","Crosskeys 2","Caerphilly",654,661,596,-7,65,58
"1318","W01001356","Crumlin 1","Caerphilly",1448,1661,1544,-213,117,-96
"1319","W01001357","Crumlin 2","Caerphilly",1558,1170,1169,388,1,389
"1320","W01001358","Crumlin 3","Caerphilly",251,276,235,-25,41,16
"1321","W01001359","Crumlin 4","Caerphilly",929,935,882,-6,53,47
"1322","W01001360","Darren Valley 1","Caerphilly",832,785,719,47,66,113
"1323","W01001361","Darren Valley 2","Caerphilly",137,126,128,11,-2,9
"1324","W01001362","Gilfach","Caerphilly",482,557,592,-75,-35,-110
"1325","W01001363","Hengoed (Caerphilly) 1","Caerphilly",619,501,525,118,-24,94
"1326","W01001364","Hengoed (Caerphilly) 2","Caerphilly",123,88,48,35,40,75
"1327","W01001365","Hengoed (Caerphilly) 3","Caerphilly",677,698,628,-21,70,49
"1328","W01001366","Llanbradach 1","Caerphilly",1138,974,949,164,25,189
"1329","W01001367","Llanbradach 2","Caerphilly",987,917,798,70,119,189
"1330","W01001368","Llanbradach 3","Caerphilly",453,377,465,76,-88,-12
"1331","W01001369","Maesycwmmer","Caerphilly",1101,976,918,125,58,183
"1332","W01001370","Morgan Jones 1","Caerphilly",1075,840,924,235,-84,151
"1333","W01001371","Morgan Jones 2","Caerphilly",237,220,255,17,-35,-18
"1334","W01001372","Morgan Jones 3","Caerphilly",1169,1125,1059,44,66,110
"1335","W01001373","Morgan Jones 4","Caerphilly",926,949,883,-23,66,43
"1336","W01001374","Moriah 1","Caerphilly",391,428,434,-37,-6,-43
"1337","W01001375","Moriah 2","Caerphilly",228,229,252,-1,-23,-24
"1338","W01001376","Moriah 3","Caerphilly",67,62,64,5,-2,3
"1339","W01001377","Nelson 1","Caerphilly",1134,1232,1137,-98,95,-3
"1340","W01001378","Nelson 2","Caerphilly",544,473,491,71,-18,53
"1341","W01001379","Nelson 3","Caerphilly",1390,1431,1280,-41,151,110
"1342","W01001380","Newbridge 1","Caerphilly",1242,1122,1117,120,5,125
"1343","W01001381","Newbridge 2","Caerphilly",214,146,112,68,34,102
"1344","W01001382","Newbridge 3","Caerphilly",1110,1435,1182,-325,253,-72
"1345","W01001383","Newbridge 4","Caerphilly",798,850,984,-52,-134,-186
"1346","W01001384","New Tredegar 1","Caerphilly",578,632,488,-54,144,90
"1347","W01001385","New Tredegar 2","Caerphilly",246,245,312,1,-67,-66
"1348","W01001386","New Tredegar 3","Caerphilly",59,70,60,-11,10,-1
"1349","W01001387","Pengam 1","Caerphilly",472,353,231,119,122,241
"1350","W01001388","Pengam 2","Caerphilly",405,422,439,-17,-17,-34
"1351","W01001389","Pengam 3","Caerphilly",918,1068,946,-150,122,-28
"1352","W01001390","Penmaen 1","Caerphilly",1733,1711,1734,22,-23,-1
"1353","W01001391","Penmaen 2","Caerphilly",947,885,767,62,118,180
"1354","W01001392","Penmaen 3","Caerphilly",1519,1503,1535,16,-32,-16
"1355","W01001393","Penyrheol (Caerphilly) 1","Caerphilly",407,382,499,25,-117,-92
"1356","W01001394","Penyrheol (Caerphilly) 2","Caerphilly",1833,1842,1830,-9,12,3
"1357","W01001395","Penyrheol (Caerphilly) 3","Caerphilly",536,639,757,-103,-118,-221
"1358","W01001396","Penyrheol (Caerphilly) 4","Caerphilly",242,139,138,103,1,104
"1359","W01001397","Penyrheol (Caerphilly) 5","Caerphilly",1374,1182,1012,192,170,362
"1360","W01001398","Penyrheol (Caerphilly) 6","Caerphilly",1675,1561,1748,114,-187,-73
"1361","W01001399","Penyrheol (Caerphilly) 7","Caerphilly",1340,1282,1380,58,-98,-40
"1362","W01001400","Penyrheol (Caerphilly) 8","Caerphilly",90,115,93,-25,22,-3
"1363","W01001401","Pontllanfraith 1","Caerphilly",664,588,590,76,-2,74
"1364","W01001402","Pontllanfraith 2","Caerphilly",423,309,316,114,-7,107
"1365","W01001403","Pontllanfraith 3","Caerphilly",1007,942,871,65,71,136
"1366","W01001404","Pontllanfraith 4","Caerphilly",1713,1752,1660,-39,92,53
"1367","W01001405","Pontllanfraith 5","Caerphilly",715,621,589,94,32,126
"1368","W01001406","Pontlottyn","Caerphilly",315,307,243,8,64,72
"1369","W01001407","Risca East 1","Caerphilly",1225,1152,1294,73,-142,-69
"1370","W01001408","Risca East 2","Caerphilly",447,426,410,21,16,37
"1371","W01001409","Risca East 3","Caerphilly",1387,1320,1407,67,-87,-20
"1372","W01001410","Risca East 4","Caerphilly",566,589,623,-23,-34,-57
"1373","W01001411","Risca West 1","Caerphilly",844,761,640,83,121,204
"1374","W01001412","Risca West 2","Caerphilly",922,870,816,52,54,106
"1375","W01001413","Risca West 3","Caerphilly",635,613,607,22,6,28
"1376","W01001414","St. Cattwg 1","Caerphilly",280,213,185,67,28,95
"1377","W01001415","St. Cattwg 2","Caerphilly",729,616,558,113,58,171
"1378","W01001416","St. Cattwg 3","Caerphilly",1008,963,894,45,69,114
"1379","W01001417","St. Cattwg 4","Caerphilly",1565,1404,1395,161,9,170
"1380","W01001418","St. Cattwg 5","Caerphilly",325,368,269,-43,99,56
"1381","W01001419","St. James 1","Caerphilly",1172,1086,951,86,135,221
"1382","W01001420","St. James 2","Caerphilly",1496,1308,1324,188,-16,172
"1383","W01001421","St. James 3","Caerphilly",3,1,2,2,-1,1
"1384","W01001422","St. James 4","Caerphilly",113,107,79,6,28,34
"1385","W01001423","St. Martins 1","Caerphilly",1552,1470,1556,82,-86,-4
"1386","W01001424","St. Martins 2","Caerphilly",739,758,836,-19,-78,-97
"1387","W01001425","St. Martins 3","Caerphilly",1393,1271,1452,122,-181,-59
"1388","W01001426","St. Martins 4","Caerphilly",1697,1753,1617,-56,136,80
"1389","W01001427","St. Martins 5","Caerphilly",1878,1878,1797,0,81,81
"1390","W01001428","Twyn Carno 1","Caerphilly",8,7,3,1,4,5
"1391","W01001429","Twyn Carno 2","Caerphilly",473,605,484,-132,121,-11
"1392","W01001430","Ynysddu 1","Caerphilly",887,532,384,355,148,503
"1393","W01001431","Ynysddu 2","Caerphilly",1083,955,764,128,191,319
"1394","W01001432","Ystrad Mynach 1","Caerphilly",1292,905,825,387,80,467
"1395","W01001433","Ystrad Mynach 2","Caerphilly",659,725,993,-66,-268,-334
"1396","W01001434","Ystrad Mynach 3","Caerphilly",1576,1549,1596,27,-47,-20
"1397","W01001435","Abertillery 1","Blaenau Gwent",497,457,468,40,-11,29
"1398","W01001436","Abertillery 2","Blaenau Gwent",274,344,438,-70,-94,-164
"1399","W01001437","Abertillery 3","Blaenau Gwent",963,798,885,165,-87,78
"1400","W01001438","Badminton 1","Blaenau Gwent",597,603,862,-6,-259,-265
"1401","W01001439","Badminton 2","Blaenau Gwent",1176,978,1118,198,-140,58
"1402","W01001440","Beaufort 1","Blaenau Gwent",595,577,519,18,58,76
"1403","W01001441","Beaufort 2","Blaenau Gwent",235,134,118,101,16,117
"1404","W01001442","Beaufort 3","Blaenau Gwent",1462,1257,1141,205,116,321
"1405","W01001443","Blaina 1","Blaenau Gwent",303,308,295,-5,13,8
"1406","W01001444","Blaina 2","Blaenau Gwent",495,480,427,15,53,68
"1407","W01001445","Blaina 3","Blaenau Gwent",716,606,458,110,148,258
"1408","W01001446","Brynmawr 1","Blaenau Gwent",942,945,818,-3,127,124
"1409","W01001447","Brynmawr 2","Blaenau Gwent",282,241,189,41,52,93
"1410","W01001448","Brynmawr 3","Blaenau Gwent",565,541,793,24,-252,-228
"1411","W01001449","Brynmawr 4","Blaenau Gwent",537,530,515,7,15,22
"1412","W01001450","Cwm 1","Blaenau Gwent",687,568,550,119,18,137
"1413","W01001451","Cwm 2","Blaenau Gwent",312,237,248,75,-11,64
"1414","W01001452","Cwm 3","Blaenau Gwent",1156,994,1219,162,-225,-63
"1415","W01001453","Cwmtillery 1","Blaenau Gwent",160,170,173,-10,-3,-13
"1416","W01001454","Cwmtillery 2","Blaenau Gwent",387,515,452,-128,63,-65
"1417","W01001455","Cwmtillery 3","Blaenau Gwent",520,453,407,67,46,113
"1418","W01001456","Ebbw Vale North 1","Blaenau Gwent",365,330,385,35,-55,-20
"1419","W01001457","Ebbw Vale North 2","Blaenau Gwent",86,68,54,18,14,32
"1420","W01001458","Ebbw Vale North 3","Blaenau Gwent",951,1034,1026,-83,8,-75
"1421","W01001459","Ebbw Vale South 1","Blaenau Gwent",130,76,76,54,0,54
"1422","W01001460","Ebbw Vale South 2","Blaenau Gwent",532,556,621,-24,-65,-89
"1423","W01001461","Ebbw Vale South 3","Blaenau Gwent",440,555,393,-115,162,47
"1424","W01001462","Georgetown 1","Blaenau Gwent",825,630,700,195,-70,125
"1425","W01001463","Georgetown 2","Blaenau Gwent",1183,1133,1025,50,108,158
"1426","W01001464","Llanhilleth 1","Blaenau Gwent",215,165,163,50,2,52
"1427","W01001465","Llanhilleth 2","Blaenau Gwent",239,263,274,-24,-11,-35
"1428","W01001466","Llanhilleth 3","Blaenau Gwent",250,365,400,-115,-35,-150
"1429","W01001467","Nantyglo 1","Blaenau Gwent",249,221,265,28,-44,-16
"1430","W01001468","Nantyglo 2","Blaenau Gwent",376,255,375,121,-120,1
"1431","W01001469","Nantyglo 3","Blaenau Gwent",138,111,130,27,-19,8
"1432","W01001470","Rassau 1","Blaenau Gwent",1103,1049,802,54,247,301
"1433","W01001471","Rassau 2","Blaenau Gwent",211,132,134,79,-2,77
"1434","W01001472","Sirhowy 1","Blaenau Gwent",1089,995,1070,94,-75,19
"1435","W01001473","Sirhowy 2","Blaenau Gwent",53,16,11,37,5,42
"1436","W01001474","Sirhowy 3","Blaenau Gwent",437,375,328,62,47,109
"1437","W01001475","Sirhowy 4","Blaenau Gwent",799,787,606,12,181,193
"1438","W01001476","Six Bells 1","Blaenau Gwent",227,290,257,-63,33,-30
"1439","W01001477","Six Bells 2","Blaenau Gwent",757,773,942,-16,-169,-185
"1440","W01001478","Tredegar Central and West 1","Blaenau Gwent",867,795,742,72,53,125
"1441","W01001479","Tredegar Central and West 2","Blaenau Gwent",35,18,16,17,2,19
"1442","W01001480","Tredegar Central and West 3","Blaenau Gwent",217,167,94,50,73,123
"1443","W01001481","Tredegar Central and West 4","Blaenau Gwent",203,186,238,17,-52,-35
"1444","W01001482","Abersychan 1","Torfaen",311,282,270,29,12,41
"1445","W01001483","Abersychan 2","Torfaen",197,199,386,-2,-187,-189
"1446","W01001484","Abersychan 3","Torfaen",1048,1304,978,-256,326,70
"1447","W01001485","Abersychan 4","Torfaen",285,413,496,-128,-83,-211
"1448","W01001486","Abersychan 5","Torfaen",837,853,758,-16,95,79
"1449","W01001487","Blaenavon 1","Torfaen",626,685,851,-59,-166,-225
"1450","W01001488","Blaenavon 2","Torfaen",252,196,150,56,46,102
"1451","W01001489","Blaenavon 3","Torfaen",462,573,678,-111,-105,-216
"1452","W01001490","Blaenavon 4","Torfaen",898,1336,1269,-438,67,-371
"1453","W01001491","Brynwern","Torfaen",375,441,507,-66,-66,-132
"1454","W01001492","Coed Eva","Torfaen",1238,1101,1265,137,-164,-27
"1455","W01001493","Croesyceiliog North 1","Torfaen",795,886,853,-91,33,-58
"1456","W01001494","Croesyceiliog North 2","Torfaen",1551,1580,1658,-29,-78,-107
"1457","W01001495","Croesyceiliog South","Torfaen",1376,1414,1662,-38,-248,-286
"1458","W01001496","Cwmyniscoy","Torfaen",208,242,262,-34,-20,-54
"1459","W01001497","Fairwater (Torfaen) 1","Torfaen",511,517,594,-6,-77,-83
"1460","W01001498","Fairwater (Torfaen) 2","Torfaen",371,406,540,-35,-134,-169
"1461","W01001499","Fairwater (Torfaen) 3","Torfaen",1306,1345,1114,-39,231,192
"1462","W01001500","Fairwater (Torfaen) 4","Torfaen",1743,1454,1641,289,-187,102
"1463","W01001501","Greenmeadow 1","Torfaen",264,350,403,-86,-53,-139
"1464","W01001502","Greenmeadow 2","Torfaen",1597,1627,1567,-30,60,30
"1465","W01001503","Greenmeadow 3","Torfaen",271,257,482,14,-225,-211
"1466","W01001504","Llantarnam 1","Torfaen",970,771,763,199,8,207
"1467","W01001505","Llantarnam 2","Torfaen",1383,1358,1393,25,-35,-10
"1468","W01001506","Llantarnam 3","Torfaen",206,273,389,-67,-116,-183
"1469","W01001507","Llanyrafon North","Torfaen",1282,1286,1449,-4,-163,-167
"1470","W01001508","Llanyrafon South 1","Torfaen",1534,1499,1589,35,-90,-55
"1471","W01001509","Llanyrafon South 2","Torfaen",1821,1841,1731,-20,110,90
"1472","W01001510","New Inn 1","Torfaen",1175,1008,1170,167,-162,5
"1473","W01001511","New Inn 2","Torfaen",1081,1006,1003,75,3,78
"1474","W01001512","New Inn 3","Torfaen",1848,1836,1799,12,37,49
"1475","W01001513","New Inn 4","Torfaen",1748,1754,1664,-6,90,84
"1476","W01001514","Panteg 1","Torfaen",1562,1529,1586,33,-57,-24
"1477","W01001515","Panteg 2","Torfaen",1239,1223,1339,16,-116,-100
"1478","W01001516","Panteg 3","Torfaen",504,399,559,105,-160,-55
"1479","W01001517","Panteg 4","Torfaen",1658,1467,1507,191,-40,151
"1480","W01001518","Panteg 5","Torfaen",1659,1604,1631,55,-27,28
"1481","W01001519","Pontnewydd 1","Torfaen",93,138,182,-45,-44,-89
"1482","W01001520","Pontnewydd 2","Torfaen",975,983,1008,-8,-25,-33
"1483","W01001521","Pontnewydd 3","Torfaen",788,682,807,106,-125,-19
"1484","W01001522","Pontnewydd 4","Torfaen",603,645,666,-42,-21,-63
"1485","W01001523","Pontnewynydd","Torfaen",661,753,637,-92,116,24
"1486","W01001524","Pontypool","Torfaen",505,641,867,-136,-226,-362
"1487","W01001525","St. Cadocs and Penygarn","Torfaen",343,314,362,29,-48,-19
"1488","W01001526","St. Dials 1","Torfaen",302,226,263,76,-37,39
"1489","W01001527","St. Dials 2","Torfaen",584,491,454,93,37,130
"1490","W01001528","St. Dials 3","Torfaen",674,688,704,-14,-16,-30
"1491","W01001529","Snatchwood","Torfaen",381,364,518,17,-154,-137
"1492","W01001530","Trevethin 1","Torfaen",40,35,37,5,-2,3
"1493","W01001531","Trevethin 2","Torfaen",319,402,399,-83,3,-80
"1494","W01001532","Two Locks 1","Torfaen",283,274,378,9,-104,-95
"1495","W01001533","Two Locks 2","Torfaen",1814,1741,1753,73,-12,61
"1496","W01001534","Two Locks 3","Torfaen",1060,986,1055,74,-69,5
"1497","W01001535","Two Locks 4","Torfaen",1401,1136,1208,265,-72,193
"1498","W01001536","Upper Cwmbran 1","Torfaen",174,78,115,96,-37,59
"1499","W01001537","Upper Cwmbran 2","Torfaen",1467,1523,1366,-56,157,101
"1500","W01001538","Upper Cwmbran 3","Torfaen",259,243,352,16,-109,-93
"1501","W01001539","Upper Cwmbran 4","Torfaen",449,526,593,-77,-67,-144
"1502","W01001540","Wainfelin 1","Torfaen",1117,1377,1312,-260,65,-195
"1503","W01001541","Wainfelin 2","Torfaen",530,665,715,-135,-50,-185
"1504","W01001542","Caerwent","Monmouthshire",1505,1481,1635,24,-154,-130
"1505","W01001543","Caldicot Castle 1","Monmouthshire",1613,1813,1805,-200,8,-192
"1506","W01001545","Cantref 1","Monmouthshire",1622,1686,1606,-64,80,16
"1507","W01001546","Cantref 2","Monmouthshire",377,404,459,-27,-55,-82
"1508","W01001548","Crucorney","Monmouthshire",1231,1217,1319,14,-102,-88
"1509","W01001549","Devauden","Monmouthshire",1499,1638,1683,-139,-45,-184
"1510","W01001551","Dewstow & Green Lane 2","Monmouthshire",797,810,805,-13,5,-8
"1511","W01001552","Dixton with Osbaston","Monmouthshire",1817,1861,1814,-44,47,3
"1512","W01001553","Drybridge 1","Monmouthshire",1212,1382,1248,-170,134,-36
"1513","W01001554","Drybridge 2","Monmouthshire",1427,1550,1632,-123,-82,-205
"1514","W01001555","Goetre Fawr 1","Monmouthshire",1587,1712,1764,-125,-52,-177
"1515","W01001556","Goetre Fawr 2","Monmouthshire",1301,1065,1354,236,-289,-53
"1516","W01001557","Grofield","Monmouthshire",851,803,934,48,-131,-83
"1517","W01001558","Lansdown","Monmouthshire",676,739,545,-63,194,131
"1518","W01001559","Larkfield","Monmouthshire",1490,1449,1261,41,188,229
"1519","W01001560","Llanbadoc","Monmouthshire",1391,1546,1493,-155,53,-102
"1520","W01001561","Llanelly Hill 1","Monmouthshire",1803,1855,1744,-52,111,59
"1521","W01001562","Llanelly Hill 2","Monmouthshire",959,914,790,45,124,169
"1522","W01001563","Llanelly Hill 3","Monmouthshire",1488,1463,1423,25,40,65
"1523","W01001564","Castle & Llanfoist Fawr","Monmouthshire",1106,1042,1156,64,-114,-50
"1524","W01001565","Llangybi Fawr","Monmouthshire",1348,1524,1490,-176,34,-142
"1525","W01001566","Llanover 1","Monmouthshire",756,854,803,-98,51,-47
"1526","W01001567","Llanover 2","Monmouthshire",828,1120,1183,-292,-63,-355
"1527","W01001568","Llantilio Crossenny","Monmouthshire",1269,1328,1230,-59,98,39
"1528","W01001569","Llanwenarth Ultra","Monmouthshire",1370,1350,1279,20,71,91
"1529","W01001571","Mardy 2","Monmouthshire",1261,1253,1102,8,151,159
"1530","W01001572","Mill 1","Monmouthshire",1580,1562,1600,18,-38,-20
"1531","W01001573","Mill 2","Monmouthshire",1614,1767,1704,-153,63,-90
"1532","W01001574","Mill 3","Monmouthshire",1720,1757,1666,-37,91,54
"1533","W01001575","Mitchel Troy","Monmouthshire",1291,1528,1480,-237,48,-189
"1534","W01001576","Overmonnow 1","Monmouthshire",995,1230,1187,-235,43,-192
"1535","W01001577","Overmonnow 2","Monmouthshire",425,410,520,15,-110,-95
"1536","W01001578","Portskewett","Monmouthshire",1560,1675,1676,-115,-1,-116
"1537","W01001579","Priory 1","Monmouthshire",1425,1281,1577,144,-296,-152
"1538","W01001580","Priory 2","Monmouthshire",1071,932,1145,139,-213,-74
"1539","W01001581","Raglan","Monmouthshire",1463,1603,1585,-140,18,-122
"1540","W01001582","Rogiet","Monmouthshire",1295,1451,1571,-156,-120,-276
"1541","W01001583","St. Arvans","Monmouthshire",1382,1437,1515,-55,-78,-133
"1542","W01001584","St. Christopher's","Monmouthshire",1252,1193,1054,59,139,198
"1543","W01001585","St. Kingsmark 1","Monmouthshire",1903,1909,1892,-6,17,11
"1544","W01001586","St. Kingsmark 2","Monmouthshire",1834,1892,1881,-58,11,-47
"1545","W01001587","St. Mary's","Monmouthshire",1004,989,1092,15,-103,-88
"1546","W01001588","Severn 1","Monmouthshire",1590,1556,1626,34,-70,-36
"1547","W01001589","Severn 2","Monmouthshire",932,765,750,167,15,182
"1548","W01001590","Shirenewton","Monmouthshire",1608,1682,1742,-74,-60,-134
"1549","W01001591","The Elms","Monmouthshire",1804,1848,1743,-44,105,61
"1550","W01001592","Thornwell 1","Monmouthshire",450,450,563,0,-113,-113
"1551","W01001593","Thornwell 2","Monmouthshire",1028,1139,1122,-111,17,-94
"1552","W01001594","Trellech United 1","Monmouthshire",1248,1194,1332,54,-138,-84
"1553","W01001595","Trellech United 2","Monmouthshire",1512,1616,1713,-104,-97,-201
"1554","W01001596","Usk 1","Monmouthshire",1517,1571,1738,-54,-167,-221
"1555","W01001597","Usk 2","Monmouthshire",1842,1808,1783,34,25,59
"1556","W01001598","West End","Monmouthshire",656,601,630,55,-29,26
"1557","W01001599","Wyesham","Monmouthshire",986,1087,1060,-101,27,-74
"1558","W01001600","Allt-yr-yn 1","Newport",1819,1756,1719,63,37,100
"1559","W01001601","Allt-yr-yn 2","Newport",187,327,329,-140,-2,-142
"1560","W01001602","Allt-yr-yn 3","Newport",1761,1857,1725,-96,132,36
"1561","W01001603","Allt-yr-yn 4","Newport",838,865,908,-27,-43,-70
"1562","W01001604","Allt-yr-yn 5","Newport",1657,1769,1711,-112,58,-54
"1563","W01001605","Allt-yr-yn 6","Newport",459,607,701,-148,-94,-242
"1564","W01001606","Alway 1","Newport",1477,1607,1247,-130,360,230
"1565","W01001607","Alway 2","Newport",72,36,65,36,-29,7
"1566","W01001608","Alway 3","Newport",1426,1478,1355,-52,123,71
"1567","W01001609","Alway 4","Newport",111,69,74,42,-5,37
"1568","W01001610","Alway 5","Newport",393,587,420,-194,167,-27
"1569","W01001611","Alway 6","Newport",834,838,863,-4,-25,-29
"1570","W01001612","Beechwood 1","Newport",772,845,850,-73,-5,-78
"1571","W01001613","Beechwood 2","Newport",1039,1227,1311,-188,-84,-272
"1572","W01001614","Beechwood 3","Newport",226,289,332,-63,-43,-106
"1573","W01001615","Beechwood 4","Newport",817,1003,895,-186,108,-78
"1574","W01001616","Beechwood 5","Newport",1353,1508,1514,-155,-6,-161
"1575","W01001617","Bettws (Newport) 1","Newport",47,77,126,-30,-49,-79
"1576","W01001618","Bettws (Newport) 2","Newport",204,222,197,-18,25,7
"1577","W01001619","Bettws (Newport) 3","Newport",77,118,139,-41,-21,-62
"1578","W01001620","Bettws (Newport) 4","Newport",289,281,258,8,23,31
"1579","W01001621","Bettws (Newport) 5","Newport",169,159,266,10,-107,-97
"1580","W01001622","Bettws (Newport) 6","Newport",644,642,597,2,45,47
"1581","W01001623","Caerleon 1","Newport",1526,1590,1661,-64,-71,-135
"1582","W01001624","Caerleon 2","Newport",1698,1764,1737,-66,27,-39
"1583","W01001625","Caerleon 3","Newport",1331,1662,1693,-331,-31,-362
"1584","W01001626","Caerleon 4","Newport",1413,1391,1495,22,-104,-82
"1585","W01001627","Caerleon 5","Newport",1762,1722,1700,40,22,62
"1586","W01001628","Caerleon 6","Newport",556,738,1388,-182,-650,-832
"1587","W01001629","Gaer 1","Newport",1124,1177,1284,-53,-107,-160
"1588","W01001630","Gaer 2","Newport",314,390,336,-76,54,-22
"1589","W01001631","Gaer 3","Newport",1524,1564,1643,-40,-79,-119
"1590","W01001632","Gaer 4","Newport",630,569,511,61,58,119
"1591","W01001633","Gaer 5","Newport",166,211,211,-45,0,-45
"1592","W01001634","Gaer 6","Newport",588,434,561,154,-127,27
"1593","W01001635","Graig (Newport) 1","Newport",1663,1730,1618,-67,112,45
"1594","W01001636","Graig (Newport) 2","Newport",1774,1731,1558,43,173,216
"1595","W01001637","Graig (Newport) 3","Newport",1509,1617,1458,-108,159,51
"1596","W01001638","Graig (Newport) 4","Newport",1871,1835,1684,36,151,187
"1597","W01001639","Langstone 1","Newport",1702,1766,1715,-64,51,-13
"1598","W01001640","Langstone 2","Newport",1595,1629,1709,-34,-80,-114
"1599","W01001641","Langstone 3","Newport",1660,1609,1611,51,-2,49
"1600","W01001642","Liswerry 1","Newport",373,304,304,69,0,69
"1601","W01001643","Liswerry 2","Newport",171,183,177,-12,6,-6
"1602","W01001644","Liswerry 3","Newport",778,770,461,8,309,317
"1603","W01001645","Liswerry 4","Newport",620,538,572,82,-34,48
"1604","W01001646","Liswerry 5","Newport",134,223,127,-89,96,7
"1605","W01001647","Liswerry 6","Newport",740,784,1254,-44,-470,-514
"1606","W01001648","Liswerry 7","Newport",750,893,794,-143,99,-44
"1607","W01001649","Llanwern 1","Newport",913,918,947,-5,-29,-34
"1608","W01001650","Llanwern 2","Newport",760,629,513,131,116,247
"1609","W01001651","Malpas 1","Newport",1710,1827,1851,-117,-24,-141
"1610","W01001652","Malpas 2","Newport",79,114,142,-35,-28,-63
"1611","W01001653","Malpas 3","Newport",1627,1702,1717,-75,-15,-90
"1612","W01001654","Malpas 4","Newport",1528,1491,1637,37,-146,-109
"1613","W01001655","Malpas 5","Newport",1666,1668,1459,-2,209,207
"1614","W01001657","Marshfield 2","Newport",1563,1790,1695,-227,95,-132
"1615","W01001658","Marshfield 3","Newport",1522,1606,1292,-84,314,230
"1616","W01001659","Pillgwenlly 1","Newport",21,12,28,9,-16,-7
"1617","W01001660","Pillgwenlly 2","Newport",241,202,368,39,-166,-127
"1618","W01001661","Pillgwenlly 3","Newport",88,93,20,-5,73,68
"1619","W01001662","Pillgwenlly 4","Newport",10,10,27,0,-17,-17
"1620","W01001663","Ringland 1","Newport",329,443,557,-114,-114,-228
"1621","W01001664","Ringland 2","Newport",146,205,200,-59,5,-54
"1622","W01001665","Ringland 3","Newport",645,637,634,8,3,11
"1623","W01001666","Ringland 4","Newport",102,130,158,-28,-28,-56
"1624","W01001667","Ringland 5","Newport",69,74,100,-5,-26,-31
"1625","W01001668","Ringland 6","Newport",183,200,159,-17,41,24
"1626","W01001669","Rogerstone 1","Newport",1890,1870,1788,20,82,102
"1627","W01001670","Rogerstone 2","Newport",1789,1797,1615,-8,182,174
"1628","W01001671","Rogerstone 3","Newport",804,675,538,129,137,266
"1629","W01001672","Rogerstone 4","Newport",1249,1346,1152,-97,194,97
"1630","W01001673","Rogerstone 5","Newport",1816,1840,1690,-24,150,126
"1631","W01001674","Rogerstone 6","Newport",1127,1225,955,-98,270,172
"1632","W01001675","St. Julians 1","Newport",865,1026,1104,-161,-78,-239
"1633","W01001676","St. Julians 2","Newport",330,481,444,-151,37,-114
"1634","W01001677","St. Julians 3","Newport",1276,1460,1442,-184,18,-166
"1635","W01001678","St. Julians 4","Newport",421,511,582,-90,-71,-161
"1636","W01001679","St. Julians 5","Newport",1386,1572,1593,-186,-21,-207
"1637","W01001680","St. Julians 6","Newport",956,1040,1390,-84,-350,-434
"1638","W01001681","Shaftesbury 1","Newport",119,227,239,-108,-12,-120
"1639","W01001682","Shaftesbury 2","Newport",561,602,632,-41,-30,-71
"1640","W01001683","Shaftesbury 3","Newport",1005,1091,1086,-86,5,-81
"1641","W01001684","Shaftesbury 4","Newport",840,1074,1097,-234,-23,-257
"1642","W01001685","Stow Hill 1","Newport",339,427,462,-88,-35,-123
"1643","W01001686","Stow Hill 2","Newport",808,708,833,100,-125,-25
"1644","W01001687","Stow Hill 3","Newport",135,156,224,-21,-68,-89
"1645","W01001688","Tredegar Park 1","Newport",712,615,436,97,179,276
"1646","W01001689","Tredegar Park 2","Newport",39,42,40,-3,2,-1
"1647","W01001690","Victoria 1","Newport",317,378,478,-61,-100,-161
"1648","W01001691","Victoria 2","Newport",161,259,413,-98,-154,-252
"1649","W01001692","Victoria 3","Newport",178,265,345,-87,-80,-167
"1650","W01001693","Victoria 4","Newport",112,228,179,-116,49,-67
"1651","W01001694","Adamsdown 1","Cardiff",184,129,148,55,-19,36
"1652","W01001695","Adamsdown 2","Cardiff",361,412,536,-51,-124,-175
"1653","W01001696","Adamsdown 3","Cardiff",64,53,78,11,-25,-14
"1654","W01001697","Adamsdown 4","Cardiff",238,279,294,-41,-15,-56
"1655","W01001698","Adamsdown 5","Cardiff",173,191,122,-18,69,51
"1656","W01001699","Butetown 1","Cardiff",150,87,42,63,45,108
"1657","W01001702","Caerau (Cardiff) 1","Cardiff",564,524,639,40,-115,-75
"1658","W01001703","Caerau (Cardiff) 2","Cardiff",104,65,154,39,-89,-50
"1659","W01001704","Caerau (Cardiff) 3","Cardiff",27,40,57,-13,-17,-30
"1660","W01001705","Caerau (Cardiff) 4","Cardiff",234,286,277,-52,9,-43
"1661","W01001706","Caerau (Cardiff) 5","Cardiff",613,510,761,103,-251,-148
"1662","W01001707","Caerau (Cardiff) 6","Cardiff",116,120,227,-4,-107,-111
"1663","W01001708","Caerau (Cardiff) 7","Cardiff",91,63,170,28,-107,-79
"1664","W01001709","Canton 1","Cardiff",786,716,930,70,-214,-144
"1665","W01001710","Canton 2","Cardiff",669,878,1013,-209,-135,-344
"1666","W01001711","Canton 3","Cardiff",324,384,489,-60,-105,-165
"1667","W01001712","Canton 4","Cardiff",1062,1102,889,-40,213,173
"1668","W01001713","Canton 5","Cardiff",670,705,904,-35,-199,-234
"1669","W01001714","Canton 6","Cardiff",1637,1725,1749,-88,-24,-112
"1670","W01001715","Canton 7","Cardiff",1473,1576,1404,-103,172,69
"1671","W01001716","Canton 8","Cardiff",1345,1252,1260,93,-8,85
"1672","W01001717","Canton 9","Cardiff",879,817,770,62,47,109
"1673","W01001718","Cathays 1","Cardiff",895,1134,1340,-239,-206,-445
"1674","W01001719","Cathays 2","Cardiff",1422,1653,1848,-231,-195,-426
"1675","W01001720","Cathays 3","Cardiff",866,950,1205,-84,-255,-339
"1676","W01001721","Cathays 4","Cardiff",911,1369,1479,-458,-110,-568
"1677","W01001722","Cathays 5","Cardiff",1184,1179,1572,5,-393,-388
"1678","W01001724","Cathays 6","Cardiff",806,1366,1330,-560,36,-524
"1679","W01001725","Cathays 7","Cardiff",886,1483,1598,-597,-115,-712
"1680","W01001726","Cathays 8","Cardiff",958,1130,1233,-172,-103,-275
"1681","W01001727","Creigiau/St. Fagans 1","Cardiff",1756,1748,1552,8,196,204
"1682","W01001728","Creigiau/St. Fagans 2","Cardiff",1896,1887,1815,9,72,81
"1683","W01001729","Creigiau/St. Fagans 3","Cardiff",1717,1715,1481,2,234,236
"1684","W01001730","Cyncoed 1","Cardiff",1850,1907,1885,-57,22,-35
"1685","W01001731","Cyncoed 2","Cardiff",1780,1902,1889,-122,13,-109
"1686","W01001732","Cyncoed 3","Cardiff",1775,1860,1890,-85,-30,-115
"1687","W01001733","Cyncoed 4","Cardiff",1818,1865,1850,-47,15,-32
"1688","W01001734","Cyncoed 5","Cardiff",1889,1875,1877,14,-2,12
"1689","W01001735","Cyncoed 6","Cardiff",1798,1822,1840,-24,-18,-42
"1690","W01001736","Cyncoed 7","Cardiff",1829,1903,1883,-74,20,-54
"1691","W01001737","Ely 1","Cardiff",42,47,63,-5,-16,-21
"1692","W01001738","Ely 2","Cardiff",28,39,23,-11,16,5
"1693","W01001739","Ely 3","Cardiff",24,46,45,-22,1,-21
"1694","W01001740","Ely 4","Cardiff",30,31,59,-1,-28,-29
"1695","W01001741","Ely 5","Cardiff",14,24,43,-10,-19,-29
"1696","W01001742","Ely 6","Cardiff",50,58,120,-8,-62,-70
"1697","W01001743","Ely 7","Cardiff",1403,1588,1545,-185,43,-142
"1698","W01001744","Ely 8","Cardiff",92,101,104,-9,-3,-12
"1699","W01001745","Ely 9","Cardiff",1594,1633,1685,-39,-52,-91
"1700","W01001746","Ely 10","Cardiff",128,151,85,-23,66,43
"1701","W01001747","Fairwater (Cardiff) 1","Cardiff",1510,1393,1295,117,98,215
"1702","W01001748","Fairwater (Cardiff) 2","Cardiff",573,445,578,128,-133,-5
"1703","W01001749","Fairwater (Cardiff) 3","Cardiff",638,583,618,55,-35,20
"1704","W01001750","Fairwater (Cardiff) 4","Cardiff",255,300,206,-45,94,49
"1705","W01001751","Fairwater (Cardiff) 5","Cardiff",181,232,111,-51,121,70
"1706","W01001752","Fairwater (Cardiff) 6","Cardiff",1491,1465,1451,26,14,40
"1707","W01001753","Fairwater (Cardiff) 7","Cardiff",151,144,232,7,-88,-81
"1708","W01001754","Fairwater (Cardiff) 8","Cardiff",1086,1224,1106,-138,118,-20
"1709","W01001755","Gabalfa 1","Cardiff",1379,1501,1865,-122,-364,-486
"1710","W01001756","Gabalfa 2","Cardiff",1019,985,1350,34,-365,-331
"1711","W01001757","Gabalfa 3","Cardiff",1285,1426,1653,-141,-227,-368
"1712","W01001758","Gabalfa 4","Cardiff",1362,1490,1754,-128,-264,-392
"1713","W01001759","Grangetown 1","Cardiff",796,825,886,-29,-61,-90
"1714","W01001760","Grangetown 2","Cardiff",666,490,493,176,-3,173
"1715","W01001761","Grangetown 3","Cardiff",219,275,212,-56,63,7
"1716","W01001762","Grangetown 4","Cardiff",73,48,106,25,-58,-33
"1717","W01001764","Grangetown 5","Cardiff",347,420,396,-73,24,-49
"1718","W01001765","Grangetown 6","Cardiff",323,345,553,-22,-208,-230
"1719","W01001766","Grangetown 7","Cardiff",256,329,264,-73,65,-8
"1720","W01001767","Grangetown 8","Cardiff",426,388,381,38,7,45
"1721","W01001768","Grangetown 9","Cardiff",240,247,354,-7,-107,-114
"1722","W01001769","Heath 1","Cardiff",1891,1905,1884,-14,21,7
"1723","W01001770","Heath 2","Cardiff",1527,1534,1791,-7,-257,-264
"1724","W01001771","Heath 3","Cardiff",1813,1869,1873,-56,-4,-60
"1725","W01001772","Heath 4","Cardiff",1628,1732,1752,-104,-20,-124
"1726","W01001773","Heath 5","Cardiff",1592,1632,1616,-40,16,-24
"1727","W01001774","Heath 6","Cardiff",1855,1884,1893,-29,-9,-38
"1728","W01001775","Heath 7","Cardiff",1486,1537,1501,-51,36,-15
"1729","W01001776","Heath 8","Cardiff",1747,1765,1858,-18,-93,-111
"1730","W01001777","Lisvane 1","Cardiff",1827,1874,1842,-47,32,-15
"1731","W01001778","Lisvane 2","Cardiff",1837,1886,1856,-49,30,-19
"1732","W01001779","Llandaff 1","Cardiff",1815,1859,1862,-44,-3,-47
"1733","W01001780","Llandaff 2","Cardiff",1809,1778,1807,31,-29,2
"1734","W01001781","Llandaff 3","Cardiff",1531,1500,1522,31,-22,9
"1735","W01001782","Llandaff 4","Cardiff",1782,1814,1831,-32,-17,-49
"1736","W01001783","Llandaff 5","Cardiff",1840,1888,1896,-48,-8,-56
"1737","W01001784","Llandaff 6","Cardiff",1676,1829,1866,-153,-37,-190
"1738","W01001785","Llandaff North 1","Cardiff",189,195,272,-6,-77,-83
"1739","W01001786","Llandaff North 2","Cardiff",919,879,669,40,210,250
"1740","W01001787","Llandaff North 3","Cardiff",436,467,443,-31,24,-7
"1741","W01001788","Llandaff North 4","Cardiff",200,147,220,53,-73,-20
"1742","W01001789","Llandaff North 5","Cardiff",1389,1486,1434,-97,52,-45
"1743","W01001790","Llandaff North 6","Cardiff",608,550,694,58,-144,-86
"1744","W01001791","Llanishen 1","Cardiff",1492,1619,1646,-127,-27,-154
"1745","W01001792","Llanishen 2","Cardiff",580,503,408,77,95,172
"1746","W01001793","Llanishen 3","Cardiff",1854,1858,1845,-4,13,9
"1747","W01001794","Llanishen 4","Cardiff",1824,1863,1871,-39,-8,-47
"1748","W01001795","Llanishen 5","Cardiff",1883,1906,1843,-23,63,40
"1749","W01001796","Llanishen 6","Cardiff",1679,1726,1800,-47,-74,-121
"1750","W01001797","Llanishen 7","Cardiff",1601,1738,1705,-137,33,-104
"1751","W01001798","Llanishen 8","Cardiff",1791,1833,1828,-42,5,-37
"1752","W01001799","Llanishen 9","Cardiff",1796,1830,1869,-34,-39,-73
"1753","W01001800","Llanishen 10","Cardiff",605,599,722,6,-123,-117
"1754","W01001802","Llanrumney 1","Cardiff",618,544,724,74,-180,-106
"1755","W01001803","Llanrumney 2","Cardiff",277,301,310,-24,-9,-33
"1756","W01001804","Llanrumney 3","Cardiff",354,419,392,-65,27,-38
"1757","W01001805","Llanrumney 4","Cardiff",435,233,284,202,-51,151
"1758","W01001806","Llanrumney 5","Cardiff",1013,961,1049,52,-88,-36
"1759","W01001807","Llanrumney 6","Cardiff",75,84,132,-9,-48,-57
"1760","W01001808","Llanrumney 7","Cardiff",94,89,103,5,-14,-9
"1761","W01001809","Pentwyn 1","Cardiff",877,1082,1147,-205,-65,-270
"1762","W01001810","Pentwyn 2","Cardiff",218,251,261,-33,-10,-43
"1763","W01001811","Pentwyn 3","Cardiff",63,73,89,-10,-16,-26
"1764","W01001812","Pentwyn 4","Cardiff",570,552,945,18,-393,-375
"1765","W01001813","Pentwyn 5","Cardiff",139,95,149,44,-54,-10
"1766","W01001814","Pentwyn 6","Cardiff",984,956,1223,28,-267,-239
"1767","W01001815","Pentwyn 7","Cardiff",1361,1239,1283,122,-44,78
"1768","W01001816","Pentwyn 8","Cardiff",582,486,298,96,188,284
"1769","W01001817","Pentwyn 9","Cardiff",831,1183,1061,-352,122,-230
"1770","W01001818","Pentwyn 10","Cardiff",1190,911,966,279,-55,224
"1771","W01001819","Pentyrch 1","Cardiff",1823,1812,1816,11,-4,7
"1772","W01001820","Pentyrch 2","Cardiff",1623,1626,1699,-3,-73,-76
"1773","W01001821","Penylan 1","Cardiff",1654,1774,1794,-120,-20,-140
"1774","W01001822","Penylan 2","Cardiff",1344,1415,1517,-71,-102,-173
"1775","W01001823","Penylan 3","Cardiff",1699,1795,1745,-96,50,-46
"1776","W01001824","Penylan 4","Cardiff",856,988,1057,-132,-69,-201
"1777","W01001825","Penylan 5","Cardiff",884,814,911,70,-97,-27
"1778","W01001826","Penylan 6","Cardiff",1701,1709,1806,-8,-97,-105
"1779","W01001827","Penylan 7","Cardiff",1811,1853,1785,-42,68,26
"1780","W01001828","Penylan 8","Cardiff",1656,1793,1786,-137,7,-130
"1781","W01001829","Plasnewydd 1","Cardiff",634,924,1352,-290,-428,-718
"1782","W01001830","Plasnewydd 2","Cardiff",368,509,655,-141,-146,-287
"1783","W01001831","Plasnewydd 3","Cardiff",812,1290,1506,-478,-216,-694
"1784","W01001832","Plasnewydd 4","Cardiff",514,689,662,-175,27,-148
"1785","W01001833","Plasnewydd 5","Cardiff",622,710,682,-88,28,-60
"1786","W01001834","Plasnewydd 6","Cardiff",531,626,915,-95,-289,-384
"1787","W01001835","Plasnewydd 7","Cardiff",89,174,275,-85,-101,-186
"1788","W01001836","Plasnewydd 8","Cardiff",1140,1406,1411,-266,-5,-271
"1789","W01001837","Plasnewydd 9","Cardiff",703,903,1436,-200,-533,-733
"1790","W01001838","Plasnewydd 10","Cardiff",1095,1327,1529,-232,-202,-434
"1791","W01001839","Plasnewydd 11","Cardiff",827,1142,1303,-315,-161,-476
"1792","W01001840","Pontprennau/Old St. Mellons 1","Cardiff",1164,1111,1090,53,21,74
"1793","W01001841","Pontprennau/Old St. Mellons 2","Cardiff",1673,1742,1810,-69,-68,-137
"1794","W01001842","Pontprennau/Old St. Mellons 3","Cardiff",1758,1809,1887,-51,-78,-129
"1795","W01001843","Pontprennau/Old St. Mellons 4","Cardiff",1700,1802,1729,-102,73,-29
"1796","W01001844","Pontprennau/Old St. Mellons 5","Cardiff",1616,1540,1620,76,-80,-4
"1797","W01001846","Radyr & Morganstown 1","Cardiff",1745,1747,1736,-2,11,9
"1798","W01001847","Radyr & Morganstown 2","Cardiff",1836,1890,1852,-54,38,-16
"1799","W01001848","Rhiwbina 1","Cardiff",1810,1826,1888,-16,-62,-78
"1800","W01001849","Rhiwbina 2","Cardiff",1794,1845,1735,-51,110,59
"1801","W01001850","Rhiwbina 3","Cardiff",1860,1889,1895,-29,-6,-35
"1802","W01001851","Rhiwbina 4","Cardiff",1703,1749,1801,-46,-52,-98
"1803","W01001852","Rhiwbina 5","Cardiff",1800,1897,1859,-97,38,-59
"1804","W01001853","Rhiwbina 6","Cardiff",1828,1894,1891,-66,3,-63
"1805","W01001854","Rhiwbina 7","Cardiff",1741,1880,1886,-139,-6,-145
"1806","W01001855","Riverside 1","Cardiff",140,283,223,-143,60,-83
"1807","W01001856","Riverside 2","Cardiff",108,135,51,-27,84,57
"1808","W01001857","Riverside 3","Cardiff",66,85,71,-19,14,-5
"1809","W01001858","Riverside 4","Cardiff",1316,1353,1299,-37,54,17
"1810","W01001859","Riverside 5","Cardiff",1229,1383,1041,-154,342,188
"1811","W01001860","Riverside 6","Cardiff",1246,1515,1553,-269,-38,-307
"1812","W01001861","Riverside 7","Cardiff",1121,1041,1029,80,12,92
"1813","W01001862","Riverside 8","Cardiff",327,379,398,-52,-19,-71
"1814","W01001863","Rumney 1","Cardiff",829,871,1078,-42,-207,-249
"1815","W01001864","Rumney 2","Cardiff",1521,1459,1389,62,70,132
"1816","W01001865","Rumney 3","Cardiff",1373,1144,1173,229,-29,200
"1817","W01001866","Rumney 4","Cardiff",304,162,321,142,-159,-17
"1818","W01001867","Rumney 5","Cardiff",103,59,80,44,-21,23
"1819","W01001868","Rumney 6","Cardiff",455,339,334,116,5,121
"1820","W01001869","Splott 1","Cardiff",416,418,441,-2,-23,-25
"1821","W01001870","Splott 2","Cardiff",535,447,494,88,-47,41
"1822","W01001871","Splott 3","Cardiff",54,26,82,28,-56,-28
"1823","W01001872","Splott 4","Cardiff",335,244,276,91,-32,59
"1824","W01001873","Splott 5","Cardiff",162,91,204,71,-113,-42
"1825","W01001874","Splott 6","Cardiff",12,4,36,8,-32,-24
"1826","W01001875","Splott 7","Cardiff",498,383,417,115,-34,81
"1827","W01001876","Splott 8","Cardiff",74,56,84,18,-28,-10
"1828","W01001877","Trowbridge 1","Cardiff",1342,1244,1287,98,-43,55
"1829","W01001878","Trowbridge 2","Cardiff",965,805,1030,160,-225,-65
"1830","W01001879","Trowbridge 3","Cardiff",180,143,218,37,-75,-38
"1831","W01001880","Trowbridge 4","Cardiff",61,38,125,23,-87,-64
"1832","W01001881","Trowbridge 5","Cardiff",165,152,241,13,-89,-76
"1833","W01001882","Trowbridge 6","Cardiff",1232,1334,1523,-102,-189,-291
"1834","W01001883","Trowbridge 7","Cardiff",126,86,110,40,-24,16
"1835","W01001884","Trowbridge 8","Cardiff",13,13,55,0,-42,-42
"1836","W01001885","Trowbridge 9","Cardiff",402,313,517,89,-204,-115
"1837","W01001886","Trowbridge 10","Cardiff",97,51,113,46,-62,-16
"1838","W01001887","Whitchurch and Tongwynlais 1","Cardiff",1864,1895,1882,-31,13,-18
"1839","W01001888","Whitchurch and Tongwynlais 2","Cardiff",1483,1487,1302,-4,185,181
"1840","W01001889","Whitchurch and Tongwynlais 3","Cardiff",1323,1295,1372,28,-77,-49
"1841","W01001890","Whitchurch and Tongwynlais 4","Cardiff",1681,1698,1687,-17,11,-6
"1842","W01001891","Whitchurch and Tongwynlais 5","Cardiff",1322,1270,1263,52,7,59
"1843","W01001892","Whitchurch and Tongwynlais 6","Cardiff",1771,1788,1796,-17,-8,-25
"1844","W01001893","Whitchurch and Tongwynlais 7","Cardiff",1265,1267,1098,-2,169,167
"1845","W01001894","Whitchurch and Tongwynlais 8","Cardiff",1732,1800,1674,-68,126,58
"1846","W01001895","Whitchurch and Tongwynlais 9","Cardiff",345,370,390,-25,-20,-45
"1847","W01001896","Whitchurch and Tongwynlais 10","Cardiff",1793,1849,1861,-56,-12,-68
